360.0,16.0,390.0,16.0,390.0,210.0,360.0,210.0,芸𥢆𢖵𠃣想𡗉
364.0,250.0,395.0,250.0,395.0,509.0,364.0,509.0,侵侵提裊篮橋吝郎
330.0,13.0,357.0,13.0,357.0,207.0,330.0,207.0,審嚴謹槓高墙
332.0,249.0,362.0,249.0,362.0,512.0,332.0,512.0,件𣳔𦲿𧺀𢴑塘𫚳撑
299.0,13.0,328.0,13.0,328.0,210.0,299.0,210.0,羅䜹絲柳葻萌
300.0,246.0,330.0,246.0,330.0,513.0,300.0,513.0,𡥵鶯𭓇呐𨕭梗𠸍𠶣
266.0,12.0,297.0,12.0,297.0,204.0,266.0,204.0,󰋇吝󰘇㨂杄󱕦
268.0,249.0,299.0,249.0,299.0,512.0,268.0,512.0,𣲆㙴花用别𠊛於󰠳
233.0,9.0,264.0,9.0,264.0,208.0,233.0,208.0,秦銀𨅸捽𣇞𥹰
237.0,247.0,265.0,247.0,265.0,513.0,237.0,513.0,𬧖觥秩𧡊𠃅𡢐固茹
203.0,12.0,231.0,12.0,231.0,206.0,203.0,206.0,󰑼茹吳越商家
205.0,247.0,235.0,247.0,235.0,513.0,205.0,513.0,󰟀空抵妬𠊛賒渚𧗱
171.0,13.0,201.0,13.0,201.0,204.0,171.0,204.0,𥙩調道𭓇𠳨税
174.0,249.0,202.0,249.0,202.0,510.0,174.0,510.0,襊弹𥝥册提𢹂遁𨖅
139.0,13.0,168.0,13.0,168.0,208.0,139.0,208.0,固核固𥒥産床
143.0,251.0,171.0,251.0,171.0,510.0,143.0,510.0,固軒揽翠󰞺鐄渚派
107.0,13.0,137.0,13.0,137.0,208.0,107.0,208.0,𢜠󰠐准𧘇𫳘排
112.0,252.0,138.0,252.0,138.0,511.0,112.0,511.0,𠀧生歐罕緣𡗶之低
77.0,13.0,105.0,13.0,105.0,205.0,77.0,205.0,窻糊姅怯𫅩𩄲
78.0,248.0,110.0,248.0,110.0,511.0,78.0,511.0,墻東𥊘眜𣈜𣈜恒𬖉
43.0,12.0,72.0,12.0,72.0,202.0,43.0,202.0,𡬷𡬼銅鎖原封
45.0,248.0,75.0,248.0,75.0,510.0,45.0,510.0,絶𩂟芇𧡊䏾紅𠓨𦋦
15.0,14.0,41.0,14.0,41.0,205.0,15.0,205.0,忍自舘客鄰羅
14.0,248.0,43.0,248.0,43.0,505.0,14.0,505.0,旬𦝄瀋脱𫢩陀噡𠄩