375.0,14.0,406.0,14.0,406.0,201.0,375.0,201.0,昆尼𫽄沛善人
378.0,243.0,412.0,243.0,412.0,512.0,378.0,512.0,𫽄牟道主時軍論𫯳
344.0,11.0,372.0,11.0,372.0,204.0,344.0,204.0,𦋦從猫𡏢𤠄同
344.0,241.0,377.0,241.0,377.0,512.0,344.0,512.0,𦋦從隴縱𫽄衝皮芇
311.0,14.0,341.0,14.0,341.0,203.0,311.0,203.0,㐌󰝡命半󰘇蚤
314.0,244.0,342.0,244.0,342.0,509.0,314.0,509.0,吏群共煩爫高世尼
280.0,13.0,309.0,13.0,309.0,203.0,280.0,203.0,芇󰑼家法怒𠖤
283.0,244.0,313.0,244.0,313.0,511.0,283.0,511.0,唉朱𠀧過別𢬣󰜋吝
247.0,14.0,279.0,14.0,279.0,204.0,247.0,204.0,阿鬟𨕭𠁑㖡噒
249.0,248.0,281.0,248.0,281.0,515.0,249.0,515.0,唒浪𤾓𠰘坤分𨤰芇
217.0,12.0,245.0,12.0,245.0,201.0,217.0,201.0,竹棍𦋦飭扱𠓨
218.0,246.0,247.0,246.0,247.0,513.0,218.0,513.0,𦧘芇𫽄󰞺肝芇𫽄󰟹
185.0,10.0,216.0,10.0,216.0,204.0,185.0,204.0,㤕台桃李󰜋梗
188.0,244.0,216.0,244.0,216.0,512.0,188.0,512.0,󰜋畨湄󰊄散情󰜋畨
153.0,11.0,185.0,11.0,185.0,203.0,153.0,203.0,花奴傳𠰺𢬭𠸜
155.0,246.0,186.0,246.0,186.0,512.0,155.0,512.0,房桃𠰺押𠓨畨侍牌
120.0,10.0,152.0,10.0,152.0,203.0,120.0,203.0,𦋦𠓨蹺𠎪青衣
125.0,244.0,153.0,244.0,153.0,508.0,125.0,508.0,𤋵畑𩄲𦇒䏧𨨲管包
90.0,9.0,118.0,9.0,118.0,205.0,90.0,205.0,管家固󰜋媒芇
93.0,247.0,123.0,247.0,123.0,512.0,93.0,512.0,体𠊛体󰞺𦋦𠓨麻傷
56.0,11.0,89.0,11.0,89.0,206.0,56.0,206.0,欺茶󱋓欺𬟥湯
61.0,246.0,91.0,246.0,91.0,505.0,61.0,505.0,󰝡𠳒方便𨷑塘好生
24.0,10.0,56.0,10.0,56.0,205.0,24.0,205.0,𠰺浪埋磊㐌停
26.0,245.0,59.0,245.0,59.0,505.0,26.0,505.0,柳蒲命𡨹𥙩命朱咍