362.0,17.0,392.0,17.0,392.0,207.0,362.0,207.0,没命量慮更迡
361.0,243.0,395.0,243.0,395.0,512.0,361.0,512.0,塘賒𢪀浽𡢐尼麻驚
331.0,13.0,360.0,13.0,360.0,205.0,331.0,205.0,花㵢䕯󰟅㐌仃
331.0,248.0,360.0,248.0,360.0,509.0,331.0,509.0,别緣命别分命世傕
298.0,13.0,329.0,13.0,329.0,206.0,298.0,206.0,浽𥢆笠笠㳥㵢
299.0,244.0,329.0,244.0,329.0,510.0,299.0,510.0,𢪀隊干吏湥洡隊干
267.0,14.0,297.0,14.0,297.0,204.0,267.0,204.0,重嬌𡃚𠯇帳鸞
268.0,246.0,297.0,246.0,297.0,509.0,268.0,509.0,茹萱秩醒𠳨干故之
237.0,13.0,265.0,13.0,265.0,204.0,237.0,204.0,故𬁖陳濁更𣌉
237.0,244.0,267.0,244.0,267.0,515.0,237.0,515.0,牟花梨唉滛湜湥湄
204.0,12.0,235.0,12.0,235.0,204.0,204.0,204.0,䜹浪𡭧分𬏝䜹
205.0,246.0,235.0,246.0,235.0,514.0,205.0,514.0,養生堆女𩯀絲渚填
172.0,15.0,202.0,15.0,202.0,204.0,172.0,204.0,𣇜𣈜制𡏢淡僊
174.0,248.0,203.0,248.0,203.0,514.0,174.0,514.0,𥃱𠫾率𧡊應連占包
141.0,13.0,170.0,13.0,170.0,199.0,141.0,199.0,斷膓󰑼𢼂世芇
142.0,246.0,171.0,246.0,171.0,513.0,142.0,513.0,排𦋦世𧘇詠𠓨世箕
109.0,11.0,139.0,11.0,139.0,202.0,109.0,202.0,據𥪞夢兆麻推
110.0,247.0,139.0,247.0,139.0,514.0,110.0,514.0,分𡥵傕固𦋦之枚𡢐
78.0,12.0,106.0,12.0,106.0,202.0,78.0,202.0,𠰺浪夢兆據󰠳
77.0,247.0,106.0,247.0,106.0,512.0,77.0,512.0,俸空謨󰞽職愁𢪀芇
43.0,14.0,76.0,14.0,76.0,203.0,43.0,203.0,𠳐𠳒𡅳解濕高
44.0,246.0,75.0,246.0,75.0,512.0,44.0,512.0,渚衝調𢪀㐌滛脉霜
14.0,11.0,41.0,11.0,41.0,205.0,14.0,205.0,外窻兎矢鶯鐄
13.0,246.0,42.0,246.0,42.0,512.0,13.0,512.0,腋墻葻柳𠖤昂𫏾萌