365.0,13.0,396.0,13.0,396.0,208.0,365.0,208.0,拱󰑼寃業之低
369.0,247.0,401.0,247.0,401.0,512.0,369.0,512.0,沙機買典世尼庄仍
332.0,15.0,364.0,15.0,364.0,207.0,332.0,207.0,於低𦖻壁脉棱
335.0,249.0,368.0,249.0,368.0,509.0,335.0,509.0,体埃涓属拱停𥆾之
300.0,16.0,331.0,16.0,331.0,206.0,300.0,206.0,矯欺𩆐𩄰不期
304.0,248.0,334.0,248.0,334.0,512.0,304.0,512.0,昆蜂丐蜆呌之特寃
266.0,16.0,299.0,16.0,299.0,209.0,266.0,209.0,娘強湥玉如滇
273.0,250.0,303.0,250.0,303.0,513.0,273.0,513.0,浽𢚸𩛂仍盘桓念西
236.0,13.0,265.0,13.0,265.0,204.0,236.0,204.0,風陳刼㐌𠹾苔
241.0,248.0,272.0,248.0,272.0,514.0,241.0,514.0,淋炭吏固次尼平𠄩
204.0,14.0,235.0,14.0,235.0,209.0,204.0,209.0,爫牢鉑𫽄皮催
209.0,248.0,240.0,248.0,240.0,517.0,209.0,517.0,󰇿󰇿𫃚買𥙩𠊛紅顔
172.0,12.0,202.0,12.0,202.0,211.0,172.0,211.0,㐌停夙債前寃
176.0,248.0,208.0,248.0,208.0,509.0,176.0,509.0,拱料玉󰞺花殘麻之
139.0,11.0,171.0,11.0,171.0,209.0,139.0,209.0,仍󰑼娘耨戈時
144.0,249.0,175.0,249.0,175.0,516.0,144.0,516.0,小姐沛𣇜買𧗱寧家
106.0,11.0,137.0,11.0,137.0,213.0,106.0,213.0,媄𡥵路傳隣󰑼
112.0,248.0,143.0,248.0,143.0,519.0,112.0,519.0,夫人買哙娘𦋦𠰺𠳒
74.0,11.0,104.0,11.0,104.0,212.0,74.0,212.0,小姐𠁑帳少𠊛
79.0,250.0,111.0,250.0,111.0,522.0,79.0,522.0,朱𧗱边󰀎蹺隊楼粧
43.0,11.0,73.0,11.0,73.0,207.0,43.0,207.0,領𠳒娘買蹺𨖅
45.0,248.0,78.0,248.0,78.0,521.0,45.0,521.0,別󰠲地獄天堂󰑼󰠲
9.0,11.0,41.0,11.0,41.0,209.0,9.0,209.0,󰉺𣌉巾󰘚备頭
16.0,248.0,44.0,248.0,44.0,520.0,16.0,520.0,分𡥵候㑏𡥵候敢差