365.0,11.0,394.0,11.0,394.0,207.0,365.0,207.0,靣前呈貝小姐
365.0,248.0,398.0,248.0,398.0,515.0,365.0,515.0,脱󰏙󰟯固謹魚𡮍情
330.0,10.0,363.0,10.0,363.0,204.0,330.0,204.0,連𢬣𢭂吏束生
334.0,250.0,364.0,250.0,364.0,516.0,334.0,516.0,浪才𢧚重麻情𢧚傷
302.0,10.0,329.0,10.0,329.0,210.0,302.0,210.0,󰂇𫽄固𢼂𢀭𢀨
301.0,247.0,333.0,247.0,333.0,516.0,301.0,516.0,債尼酉𨯹茹鐄拱𢧚
268.0,11.0,298.0,11.0,298.0,209.0,268.0,209.0,彼塵沉浽婵娟
269.0,247.0,300.0,247.0,300.0,517.0,269.0,517.0,有才傷浽󰟁緣𨔍𠁀
235.0,10.0,267.0,10.0,267.0,204.0,235.0,204.0,生浪寔固如𠳒
239.0,248.0,268.0,248.0,268.0,516.0,239.0,516.0,紅顔萡命󰜋𠊛芇爲
204.0,7.0,232.0,7.0,232.0,204.0,204.0,204.0,𠦳初歐拱世尼
207.0,246.0,237.0,246.0,237.0,516.0,207.0,516.0,悲𣇞歐料扒𢬣買皮
173.0,7.0,202.0,7.0,202.0,205.0,173.0,205.0,小姐浪意𥪞詞
176.0,250.0,206.0,250.0,206.0,517.0,176.0,517.0,㕸󰝡命萡吀洳󰘇空
141.0,10.0,171.0,10.0,171.0,206.0,141.0,206.0,催時催拱朝𢚸
143.0,246.0,174.0,246.0,174.0,516.0,143.0,516.0,拱朱𢪀議冲𨦩𨀈𦋦
107.0,10.0,138.0,10.0,138.0,203.0,107.0,203.0,産󰞹音閣園些
110.0,246.0,140.0,246.0,140.0,517.0,110.0,517.0,固核𤾓𫵟固花𦊚務
73.0,13.0,106.0,13.0,106.0,207.0,73.0,207.0,固古樹固山瑚
75.0,246.0,107.0,246.0,107.0,516.0,75.0,516.0,朱娘𦋦妬𡨹厨誦经
42.0,10.0,71.0,10.0,71.0,206.0,42.0,206.0,曾曾𡗶買平明
45.0,246.0,74.0,246.0,74.0,517.0,45.0,517.0,香花五供懺生礼常
11.0,11.0,40.0,11.0,40.0,203.0,11.0,203.0,迻払典𠓀佛堂
14.0,248.0,44.0,248.0,44.0,513.0,14.0,513.0,三歸五戒朱娘出家