360.0,16.0,391.0,16.0,391.0,205.0,360.0,205.0,体娘𤁕粉󰕔𣘈
362.0,247.0,393.0,247.0,393.0,508.0,362.0,508.0,𢜠󰠐特𣇜半奔固利
326.0,15.0,359.0,15.0,359.0,209.0,326.0,209.0,虚空達補𢧚𠳒
331.0,248.0,360.0,248.0,360.0,509.0,331.0,509.0,娘它𢀲𢜝用淶𡗋畨
294.0,13.0,325.0,13.0,325.0,206.0,294.0,206.0,媒強吹𠲝朱連
300.0,247.0,330.0,247.0,330.0,512.0,300.0,512.0,𥙩𠳒凶險押緣朱陳
265.0,14.0,293.0,14.0,293.0,208.0,265.0,208.0,浪娘閍埮󰜋身
268.0,245.0,299.0,245.0,299.0,512.0,268.0,512.0,吏恾𥙩㗂𭁈𧵆𫅜賒
231.0,13.0,262.0,13.0,262.0,207.0,231.0,207.0,害寃家𧵑破茹
234.0,247.0,266.0,247.0,266.0,510.0,234.0,510.0,群埃敢貯𠓨茹女低
199.0,12.0,230.0,12.0,230.0,206.0,199.0,206.0,急算劍准車𦀊
206.0,249.0,233.0,249.0,233.0,511.0,206.0,511.0,空仍渚易麻𠖤塘𡗶
167.0,13.0,198.0,13.0,198.0,206.0,167.0,206.0,尼𧵆時𫽄便尼
173.0,250.0,205.0,250.0,205.0,514.0,173.0,514.0,尼賒時𫽄固𠊛芇賒
137.0,13.0,165.0,13.0,165.0,206.0,137.0,206.0,尼払泊倖𡥙茹
141.0,249.0,172.0,249.0,172.0,512.0,141.0,512.0,共𥪞親戚𦛌𦚐𫽄埃
103.0,10.0,134.0,10.0,134.0,203.0,103.0,203.0,󰁮茹奔半州台
108.0,248.0,139.0,248.0,139.0,514.0,108.0,514.0,寔他固󰜋单差𫽄𪟽
74.0,14.0,102.0,14.0,102.0,208.0,74.0,208.0,世芇娘拱沛𦖑
76.0,248.0,107.0,248.0,107.0,510.0,76.0,510.0,成身耒仕料𧗱州台
41.0,12.0,73.0,12.0,73.0,205.0,41.0,205.0,閉󰅒埃吏別埃
45.0,250.0,74.0,250.0,74.0,510.0,45.0,510.0,油𢚸𣷭𢌌滝𨱽青青
8.0,14.0,40.0,14.0,40.0,205.0,8.0,205.0,娘油𫽄决順情
12.0,248.0,43.0,248.0,43.0,509.0,12.0,509.0,債命裊𠓀累命典𡢐