379.0,8.0,409.0,8.0,409.0,203.0,379.0,203.0,娘強󰘚塢眉咮
384.0,246.0,410.0,246.0,410.0,523.0,384.0,523.0,強𦖑媒呐強𤴬如寅
346.0,10.0,378.0,10.0,378.0,204.0,346.0,204.0,𢪀命縱坦仕蹎
350.0,247.0,381.0,247.0,381.0,524.0,350.0,524.0,世󰠃娘買賒𧵆咀嘆
314.0,8.0,345.0,8.0,345.0,205.0,314.0,205.0,妾如昆燕落弹
316.0,249.0,345.0,249.0,345.0,523.0,316.0,523.0,沛弓𣈙㐌𢜝𬅉𣛠弓
282.0,7.0,312.0,7.0,312.0,202.0,282.0,202.0,󰠃塘油併𫳘從
283.0,246.0,314.0,246.0,314.0,519.0,283.0,519.0,別𠊛別󰘚別𢚸爫牢
248.0,6.0,278.0,6.0,278.0,204.0,248.0,204.0,女欺閍󰜋世芇
250.0,246.0,280.0,246.0,280.0,525.0,250.0,525.0,半𤞻奔鬼聀𠓨𦝄󰠲
217.0,8.0,246.0,8.0,246.0,203.0,217.0,203.0,油埃𢚸固所求
220.0,247.0,248.0,247.0,248.0,522.0,220.0,522.0,心盟吀决貝饒󰜋𠳒
185.0,7.0,215.0,7.0,215.0,206.0,185.0,206.0,証明固坦固𡗶
188.0,248.0,217.0,248.0,217.0,519.0,188.0,519.0,閉𣇞󰠇𣷭𦋦𣾺管之
154.0,6.0,183.0,6.0,183.0,204.0,154.0,204.0,特𠳒媒買𦋦𠫾
157.0,250.0,187.0,250.0,187.0,521.0,157.0,521.0,𫫗信户泊卽時懺生
121.0,8.0,151.0,8.0,151.0,205.0,121.0,205.0,󰜋茹扽擛令停
124.0,250.0,153.0,250.0,153.0,522.0,124.0,522.0,抉𡑝達逴𣳮󰜍烙香
90.0,10.0,119.0,10.0,119.0,206.0,90.0,206.0,泊生跪𫴋倍鐄
91.0,251.0,123.0,251.0,123.0,518.0,91.0,518.0,過𠳒吀歇城隍士公
56.0,9.0,88.0,9.0,88.0,205.0,56.0,205.0,󰠈𡑝𢚸㐌待𢚸
60.0,250.0,89.0,250.0,89.0,522.0,60.0,522.0,冲幔爫礼絲紅結緣
24.0,8.0,54.0,8.0,54.0,207.0,24.0,207.0,成親買逴𫴋船
24.0,248.0,57.0,248.0,57.0,517.0,24.0,517.0,順󱏹󰜋𦲿吹沔州台