380.0,15.0,411.0,15.0,411.0,203.0,380.0,203.0,因爫牢典世尼
385.0,244.0,416.0,244.0,416.0,515.0,385.0,515.0,催催些㐌默𢬣埃洡
349.0,10.0,379.0,10.0,379.0,206.0,349.0,206.0,𢜝涓敢𠼯𦋦𠳒
351.0,245.0,384.0,245.0,384.0,516.0,351.0,516.0,坤垠湥玉湥洡㳶沙
316.0,10.0,348.0,10.0,348.0,206.0,316.0,206.0,小姐𬂙󰘚𠳨查
319.0,244.0,350.0,244.0,350.0,514.0,319.0,514.0,買𧗱固役之麻動容
284.0,11.0,315.0,11.0,315.0,205.0,284.0,205.0,生浪孝服皮衝
286.0,246.0,318.0,246.0,318.0,515.0,286.0,515.0,推𢚸涉𡵆𤴬𢚸終天
253.0,15.0,282.0,15.0,282.0,205.0,253.0,205.0,𠸦浪孝子㐌𢧚
255.0,247.0,284.0,247.0,284.0,514.0,255.0,514.0,洗塵𠼦󱋓解煩𣎀秋
220.0,11.0,251.0,11.0,251.0,208.0,220.0,208.0,𡞕𫯳󱋓酢󱋓酬
221.0,247.0,253.0,247.0,253.0,512.0,221.0,512.0,扒娘𨅸直持壼𠄩尼
190.0,11.0,219.0,11.0,219.0,207.0,190.0,207.0,扒寬扒日典𠳒
191.0,249.0,220.0,249.0,220.0,515.0,191.0,515.0,扒跪尽󰘚扒𨑮尽𢬣
156.0,11.0,187.0,11.0,187.0,208.0,156.0,208.0,生強如𤵺如𬏝
158.0,249.0,190.0,249.0,190.0,515.0,158.0,515.0,湥𨱽湥𥐆󱋓苔󱋓潙
122.0,9.0,155.0,9.0,155.0,207.0,122.0,207.0,𢘩𠫾秩呐秩唭
129.0,249.0,156.0,249.0,156.0,517.0,129.0,517.0,告醝払㐌淡排𤎜𦋦
94.0,11.0,121.0,11.0,121.0,208.0,94.0,208.0,小姐倍𠯦昆花
95.0,251.0,127.0,251.0,127.0,513.0,95.0,513.0,呐𠓨仍法󰇾𦋦仍扽
61.0,14.0,92.0,14.0,92.0,207.0,61.0,207.0,生強󰞺𦛌散魂
64.0,249.0,93.0,249.0,93.0,509.0,64.0,509.0,󱋓𠶆沛吟蒲几燥𣦍
28.0,13.0,60.0,13.0,60.0,208.0,28.0,208.0,小姐唭呐省醝
28.0,249.0,63.0,249.0,63.0,516.0,28.0,516.0,渚衝局𨢇吏排路制