385.0,10.0,418.0,10.0,418.0,196.0,385.0,196.0,𦼜󰡄𡮍分𡥵𡥵
387.0,230.0,420.0,230.0,420.0,487.0,387.0,487.0,囷緣別固𣃲𧷺朱庒
356.0,9.0,384.0,9.0,384.0,196.0,356.0,196.0,身牢𡗉浽不平
356.0,230.0,386.0,230.0,386.0,490.0,356.0,490.0,料如供廣妸姮𢪀㝹
322.0,10.0,354.0,10.0,354.0,198.0,322.0,198.0,𣎀秋󰊄律窻桃
323.0,228.0,354.0,228.0,354.0,488.0,323.0,488.0,姅鑅𦝄缺𠀧𬁖𡨌𡗶
290.0,8.0,321.0,8.0,321.0,199.0,290.0,199.0,󰠱香典𠓀天臺
290.0,231.0,321.0,231.0,321.0,491.0,290.0,491.0,浽𢚸懇渚𣴓𠳒云爲
257.0,7.0,288.0,7.0,288.0,197.0,257.0,197.0,𠁑花㖂𠎪惡人
257.0,230.0,288.0,230.0,288.0,488.0,257.0,488.0,喑喑哭鬼驚神木𦋦
224.0,8.0,256.0,8.0,256.0,198.0,224.0,198.0,苔𡑝鎌捽󰡅𤍶
226.0,231.0,255.0,231.0,255.0,489.0,226.0,489.0,失驚娘渚別󰑼爫牢
193.0,6.0,223.0,6.0,223.0,198.0,193.0,198.0,茦迷󰠳㐌洒𠓨
194.0,231.0,224.0,231.0,224.0,487.0,194.0,487.0,𢠩恾如聀占包別之
162.0,10.0,192.0,10.0,192.0,196.0,162.0,196.0,𧿆𣦍𨖲馭卽時
162.0,231.0,193.0,231.0,193.0,487.0,162.0,487.0,房桃院册𦊛皮焒󰡆
130.0,7.0,161.0,7.0,161.0,196.0,130.0,196.0,産屍無主边滝
129.0,229.0,161.0,229.0,161.0,484.0,129.0,484.0,󰝡𠓨底妬吝崇埃台
96.0,10.0,129.0,10.0,129.0,194.0,96.0,194.0,碎隊魄落魂𠖤
98.0,230.0,128.0,230.0,128.0,483.0,98.0,483.0,坡乾蓓𦹵㭲𣘃隐命
65.0,10.0,94.0,10.0,94.0,197.0,65.0,197.0,束翁茹拱𧵆觥
66.0,228.0,97.0,228.0,97.0,483.0,66.0,483.0,秩𬖉𦰟焒失驚用淶
33.0,13.0,64.0,13.0,64.0,195.0,33.0,195.0,伵柴𧿆𥊢典尼
35.0,229.0,65.0,229.0,65.0,481.0,35.0,481.0,###