361.0,18.0,394.0,18.0,394.0,208.0,361.0,208.0,倍傍𦲿用花淶
363.0,259.0,395.0,259.0,395.0,520.0,363.0,520.0,払𧗱書院娘移樓粧
332.0,17.0,360.0,17.0,360.0,208.0,332.0,208.0,自畨𥒥别歲鐄
332.0,258.0,361.0,258.0,361.0,521.0,332.0,521.0,情強滲𤀏𢚸強謹魚
302.0,12.0,330.0,12.0,330.0,210.0,302.0,210.0,滝洋󰜋带農滁
298.0,258.0,329.0,258.0,329.0,521.0,298.0,521.0,边𬖉頭怒边徐𡳳箕
268.0,15.0,301.0,15.0,301.0,207.0,268.0,207.0,󰜋墙雪點霜𩂏
269.0,258.0,296.0,258.0,296.0,523.0,269.0,523.0,信春󰠳易𠫾𧗱朱𫧇
236.0,12.0,266.0,12.0,266.0,207.0,236.0,207.0,吝吝𣈜𩙌𣈘𦝄
236.0,259.0,267.0,259.0,267.0,522.0,236.0,522.0,絲紅甚錄㐌澄春戈
206.0,11.0,234.0,11.0,234.0,207.0,206.0,207.0,𣈜皮生日外家
206.0,259.0,234.0,259.0,234.0,523.0,206.0,523.0,𨕭𠄩堂𠁑女󰑼𠄩㛪
175.0,10.0,204.0,10.0,204.0,205.0,175.0,205.0,熷𤇊懺所襖襜
173.0,260.0,205.0,260.0,205.0,523.0,173.0,523.0,卞𤼸󰜋礼賒󰝂𡬷誠
141.0,11.0,173.0,11.0,173.0,205.0,141.0,205.0,茹香清永󰜋命
140.0,258.0,171.0,258.0,171.0,524.0,140.0,524.0,𡄎機會遇㐌停𣋚󰅒
107.0,10.0,140.0,10.0,140.0,205.0,107.0,205.0,時珍式式産排
107.0,256.0,138.0,256.0,138.0,523.0,107.0,523.0,𨃴蓮率率𬧖𣦍𠃅墙
78.0,12.0,106.0,12.0,106.0,205.0,78.0,205.0,隔花仕𠱆㗂鐄
75.0,255.0,105.0,255.0,105.0,521.0,75.0,521.0,𠁑花㐌𧡊固払𨅸𬖉
45.0,11.0,75.0,11.0,75.0,203.0,45.0,203.0,責𢚸哬𠾿貝𢚸
43.0,257.0,74.0,257.0,74.0,522.0,43.0,522.0,焒香祝底冷𫥌閉𥹰
11.0,13.0,43.0,13.0,43.0,202.0,11.0,202.0,仍󰑼㙮𢖵𢬭愁
9.0,257.0,41.0,257.0,41.0,524.0,9.0,524.0,雪霜染姅𠃅頭花森