379.0,9.0,407.0,9.0,407.0,199.0,379.0,199.0,娘浪𫗄扒湄檎
384.0,222.0,412.0,222.0,412.0,486.0,384.0,486.0,㐌甘弊貝知音閉迡
346.0,9.0,378.0,9.0,378.0,199.0,346.0,199.0,永茹特𣇜𣋚󰅒
350.0,223.0,383.0,223.0,383.0,488.0,350.0,488.0,𥙩𢚸噲𡭧𦋦低謝𢚸
314.0,9.0,344.0,9.0,344.0,201.0,314.0,201.0,吝蹺𡶀假𠫾妄
318.0,222.0,348.0,222.0,348.0,487.0,318.0,487.0,𡳳墻羕固裊通買摷
280.0,8.0,312.0,8.0,312.0,202.0,280.0,202.0,䞮𢬣𨷑鎖洞桃
285.0,221.0,316.0,221.0,316.0,485.0,285.0,485.0,枝𩄲𬖉𤑟𡓃𠓨天台
248.0,9.0,279.0,9.0,279.0,202.0,248.0,202.0,𩈘𥆾𩈘強添鮮
253.0,221.0,283.0,221.0,283.0,487.0,253.0,487.0,邊𠳒萬福邊𠳒寒喧
213.0,8.0,246.0,8.0,246.0,201.0,213.0,201.0,𠁔𦠘𧗱准書軒
221.0,223.0,250.0,223.0,250.0,488.0,221.0,488.0,𡄎𠳒風月𥘀願𡽫滝
182.0,9.0,211.0,9.0,211.0,200.0,182.0,200.0,𨕭案筆架書同
188.0,222.0,218.0,222.0,218.0,487.0,188.0,487.0,惔清没幅幀松撩𨕭
152.0,13.0,181.0,13.0,181.0,201.0,152.0,201.0,風霜特𨤔天然
157.0,221.0,186.0,221.0,186.0,487.0,157.0,487.0,摱𠸦󰠸筆強𥆾強鮮
119.0,13.0,150.0,13.0,150.0,200.0,119.0,200.0,生浪樸畫皮耒
125.0,221.0,155.0,221.0,155.0,486.0,125.0,486.0,品題嗔󰜋𠄽𠳒添花
88.0,12.0,118.0,12.0,118.0,201.0,88.0,201.0,遇欺𩙌匝湄沙
92.0,222.0,121.0,222.0,121.0,484.0,92.0,484.0,曠𨕭仃筆討𢽼𦊚勾
57.0,12.0,86.0,12.0,86.0,201.0,57.0,201.0,𠸦才𠽙玉噴珠
59.0,222.0,89.0,222.0,89.0,483.0,59.0,483.0,娘班妸謝拱󰠳世尼
28.0,12.0,55.0,12.0,55.0,201.0,28.0,201.0,刼修初󰂇𫽄𠫆
29.0,223.0,56.0,223.0,56.0,480.0,29.0,480.0,福芇𢬭時價尼朱昂