378.0,14.0,409.0,14.0,409.0,202.0,378.0,202.0,仍󰑼𢵋旦虐吹
382.0,243.0,409.0,243.0,409.0,519.0,382.0,519.0,㗂𬷤𦖑㐌嘅催買墙
348.0,12.0,375.0,12.0,375.0,202.0,348.0,202.0,楼枚皮㗜𧥇霜
347.0,243.0,379.0,243.0,379.0,512.0,347.0,512.0,馬生𠽖𨄹倍傍𦋦𠫾
316.0,11.0,344.0,11.0,344.0,200.0,316.0,200.0,斷膓台𣅶分岐
317.0,245.0,346.0,245.0,346.0,512.0,317.0,512.0,𨀒𪀊泣警𨋣車岌𡹡
281.0,11.0,310.0,11.0,310.0,201.0,281.0,201.0,皮外𨑮𨤮長亭
285.0,246.0,316.0,246.0,316.0,514.0,285.0,514.0,王翁𨷑席賤行迻蹺
251.0,11.0,278.0,11.0,278.0,199.0,251.0,199.0,外茄主客󰖧迢
251.0,248.0,283.0,248.0,283.0,513.0,251.0,513.0,󰜋茹萱貝󰜋翹於𥪞
218.0,10.0,247.0,10.0,247.0,201.0,218.0,201.0,𥆾強呂渚湥紅
222.0,246.0,250.0,246.0,250.0,516.0,222.0,516.0,𠯇𦖻娘買𤉒𢚸𥰊高
185.0,10.0,215.0,10.0,215.0,200.0,185.0,200.0,虎生𦋦分䜹桃
189.0,245.0,219.0,245.0,219.0,515.0,189.0,515.0,功托󰒂媄劫芇者衝
152.0,11.0,182.0,11.0,182.0,201.0,152.0,201.0,呂󰟯渃濁𡏧𤄯
158.0,244.0,187.0,244.0,187.0,513.0,158.0,513.0,𤾓𢆥底󰜋𬌓𢚸自低
120.0,12.0,150.0,12.0,150.0,198.0,120.0,198.0,󰏙𦎛𥪞閉饒𣈜
127.0,246.0,155.0,246.0,155.0,508.0,127.0,508.0,身𡥵𫽄矯默𢬣姂𫅷
88.0,12.0,118.0,12.0,118.0,198.0,88.0,198.0,欺𧗱補永𥪞茹
94.0,246.0,125.0,246.0,125.0,510.0,94.0,510.0,欺𠓨推孕欺𦋦倍鐄
56.0,8.0,85.0,8.0,85.0,200.0,56.0,200.0,欺咹欺呐呂󰟯
60.0,243.0,92.0,243.0,92.0,508.0,60.0,508.0,欺柴欺伵󰏙常󰏙輕
25.0,10.0,52.0,10.0,52.0,200.0,25.0,200.0,恪牟几貴𠊛清
28.0,243.0,59.0,243.0,59.0,503.0,28.0,503.0,𡄎𦋦朱技如形𡥵奔