383.0,13.0,413.0,13.0,413.0,203.0,383.0,203.0,𥪝如㗂䳽𠖤戈
384.0,249.0,415.0,249.0,415.0,510.0,384.0,510.0,濁如渃𤂬買沙姅潙
348.0,15.0,381.0,15.0,381.0,200.0,348.0,200.0,㗂寬如𩙌倘外
350.0,249.0,383.0,249.0,383.0,511.0,350.0,511.0,㗂牟派派如𡗶覩湄
316.0,11.0,346.0,11.0,346.0,202.0,316.0,202.0,𦰟畑欺𤏣欺𤎎
317.0,248.0,349.0,248.0,349.0,510.0,317.0,510.0,遣𠊛𡎦帝𦓡魚謹愁
283.0,9.0,313.0,9.0,313.0,203.0,283.0,203.0,欺𢭸𨆝欺儈頭
286.0,249.0,316.0,249.0,316.0,513.0,286.0,513.0,欺紆𠃩曲欺珠堆眉
250.0,13.0,281.0,13.0,281.0,202.0,250.0,202.0,浪𫨩時寔󰑼𫨩
253.0,248.0,283.0,248.0,283.0,511.0,253.0,511.0,𦖑𦋦吟䔲呐荄世芇
219.0,12.0,248.0,12.0,248.0,201.0,219.0,201.0,搊之仍堛清騷
221.0,247.0,251.0,247.0,251.0,510.0,221.0,510.0,寔𢚸命拱耗耗𢚸𠊛
186.0,12.0,216.0,12.0,216.0,201.0,186.0,201.0,浪悁秩󰞺𠫾耒
188.0,247.0,220.0,247.0,220.0,511.0,188.0,511.0,粃𢝙催拱性𡗶别𫳵
154.0,11.0,184.0,11.0,184.0,202.0,154.0,202.0,𠳒鐄𠳐領意高
154.0,246.0,186.0,246.0,186.0,508.0,154.0,508.0,和寅寅扒𡭧芇特空
121.0,10.0,152.0,10.0,152.0,203.0,121.0,203.0,花香強𤏣式紅
124.0,249.0,153.0,249.0,153.0,508.0,124.0,508.0,頭眉𡳃󰘚強濃𬌓腰
87.0,10.0,119.0,10.0,119.0,202.0,87.0,202.0,㳥情羕㐌漂漂
91.0,246.0,122.0,246.0,122.0,508.0,91.0,508.0,󰏙𥪞歐厭固朝𣳮淶
54.0,12.0,86.0,12.0,86.0,200.0,54.0,200.0,䜹浪停𥙩爫制
56.0,249.0,89.0,249.0,89.0,508.0,56.0,508.0,𠯇朱䜹歇󰜋𠳒㐌㝹
22.0,12.0,51.0,12.0,51.0,199.0,22.0,199.0,尾之󰜋朶桃夭
25.0,248.0,55.0,248.0,55.0,506.0,25.0,506.0,園紅之敢垠巢𫚳撑