364.0,14.0,394.0,14.0,394.0,206.0,364.0,206.0,𠰚𡽫𣎀𥐆情𨱽
366.0,246.0,398.0,246.0,398.0,516.0,366.0,516.0,外軒兎㐌𡽫兑唅𦎛
331.0,12.0,361.0,12.0,361.0,203.0,331.0,203.0,慢調竹院乘凉
335.0,246.0,364.0,246.0,364.0,514.0,335.0,514.0,連𧗱駭暫酉娘󰜋尼
299.0,12.0,330.0,12.0,330.0,205.0,299.0,205.0,󰇏和拉産𠄩排
303.0,250.0,333.0,250.0,333.0,515.0,303.0,515.0,𢚁𢬣柴署摱𠊛𠻀𪡔
267.0,11.0,298.0,11.0,298.0,207.0,267.0,207.0,半信典󰘚秀󰜏
272.0,249.0,301.0,249.0,301.0,518.0,272.0,518.0,輸機媒拱求和敢牢
236.0,10.0,266.0,10.0,266.0,205.0,236.0,205.0,𤑟𤉜𧵑引𢬣𢭂
239.0,249.0,269.0,249.0,269.0,514.0,239.0,514.0,還原󰜋帖申𠓨󰘇公
204.0,13.0,235.0,13.0,235.0,207.0,204.0,207.0,公私𠄩𨤰調衝
209.0,251.0,237.0,251.0,237.0,521.0,209.0,521.0,𨃴僊丿㐌脱𫒥塵埃
171.0,11.0,202.0,11.0,202.0,208.0,171.0,208.0,󰜋茹森合竹枚
175.0,249.0,207.0,249.0,207.0,519.0,175.0,519.0,強溇義𣷭強𨱽情滝
139.0,12.0,169.0,12.0,169.0,211.0,139.0,211.0,香強淡焒強濃
144.0,249.0,173.0,249.0,173.0,521.0,144.0,521.0,強吹𨤔玉強籠牟蓮
107.0,11.0,137.0,11.0,137.0,212.0,107.0,212.0,姅𢆥唏㗂皮悁
111.0,246.0,141.0,246.0,141.0,524.0,111.0,524.0,𡑝梧梗碧㐌𢫔𦲿鐄
73.0,10.0,105.0,10.0,105.0,209.0,73.0,209.0,𥴙秋皮乃𥱰霜
77.0,247.0,108.0,247.0,108.0,517.0,77.0,517.0,襘鞍㐌𧡊椿堂典尼
42.0,14.0,71.0,14.0,71.0,209.0,42.0,209.0,風雷浽陣排排
45.0,247.0,74.0,247.0,74.0,522.0,45.0,522.0,󰠱𢚸𠲖邑併排分𢺺
11.0,12.0,39.0,12.0,39.0,206.0,11.0,206.0,决𦖑辨自󰜋皮
11.0,247.0,42.0,247.0,42.0,522.0,11.0,522.0,𠰺朱𦟐粉吏𧗱楼撑