380.0,9.0,414.0,9.0,414.0,198.0,380.0,198.0,𡗶群底固歆󰅒
385.0,234.0,414.0,234.0,414.0,503.0,385.0,503.0,散霜別午盎𩄲𡧲𡗶
349.0,5.0,379.0,5.0,379.0,198.0,349.0,198.0,花殘麻吏添鮮
351.0,234.0,382.0,234.0,382.0,504.0,351.0,504.0,𦝄殘麻吏欣𨑮𠄻初
318.0,8.0,347.0,8.0,347.0,197.0,318.0,197.0,固調之女麻𪟽
321.0,235.0,349.0,235.0,349.0,503.0,321.0,503.0,客戈塘底𠾿哬払羊
285.0,8.0,317.0,8.0,317.0,197.0,285.0,197.0,𦖑払呐㐌歇調
289.0,235.0,319.0,235.0,319.0,503.0,289.0,503.0,𠄩親時拱决蹺󰜋排
251.0,6.0,284.0,6.0,284.0,197.0,251.0,197.0,歇𠳒坤𨤰咥𠳒
255.0,236.0,288.0,236.0,288.0,504.0,255.0,504.0,𨃴頭娘仍𥐆𨱽咀嘆
220.0,7.0,249.0,7.0,249.0,197.0,220.0,197.0,茹皮𨷑席團圓
224.0,237.0,253.0,237.0,253.0,504.0,224.0,504.0,花𤐝𦰟𤒘紅杆幅𬗢
190.0,8.0,218.0,8.0,218.0,196.0,190.0,196.0,共饒交𥛉󰜋茹
193.0,236.0,223.0,236.0,223.0,501.0,193.0,501.0,礼它覩礼堆󰑼覩堆
158.0,8.0,188.0,8.0,188.0,199.0,158.0,199.0,洞房迢迭󱋓瑁
161.0,238.0,191.0,238.0,191.0,503.0,161.0,503.0,氷傾緣買吟𠿯情初
125.0,9.0,156.0,9.0,156.0,195.0,125.0,195.0,仍自連𡉦桃絲
127.0,241.0,159.0,241.0,159.0,502.0,127.0,502.0,𨑮𠄻𫷜買悲𣇞󰑼低
95.0,8.0,124.0,8.0,124.0,197.0,95.0,197.0,情緣󰀎合散尼
97.0,237.0,126.0,237.0,126.0,503.0,97.0,503.0,悲歡󰋇浽𣎀尼𦝄高
63.0,8.0,92.0,8.0,92.0,197.0,63.0,197.0,更𣌉幅錦𢷀幍
65.0,239.0,96.0,239.0,96.0,499.0,65.0,499.0,𠁑畑𤏣󰒂𦟐桃添春
27.0,9.0,61.0,9.0,61.0,196.0,27.0,196.0,情人吏﨤情人
29.0,237.0,64.0,237.0,64.0,502.0,29.0,502.0,花初蜂󱀄󰋇分重情