362.0,14.0,392.0,14.0,392.0,209.0,362.0,209.0,𠺌群芒𥘀𠳒誓
365.0,251.0,397.0,251.0,397.0,518.0,365.0,518.0,󰞺身蒲柳嗔宜竹枚
327.0,14.0,359.0,14.0,359.0,208.0,327.0,208.0,夜臺隔󰘚屈𠳒
334.0,255.0,363.0,255.0,363.0,517.0,334.0,517.0,洒嗔湥淚朱𠊛托寃
294.0,16.0,326.0,16.0,326.0,204.0,294.0,204.0,悲𣇞簪技𦎛散
300.0,248.0,332.0,248.0,332.0,518.0,300.0,518.0,計爫牢掣閍萬愛恩
263.0,15.0,293.0,15.0,293.0,205.0,263.0,205.0,𤾓𠦳𠳚𥛉情君
265.0,247.0,299.0,247.0,299.0,521.0,265.0,521.0,𩄲絲𬑰𨤔固銀𧘇催
231.0,13.0,260.0,13.0,260.0,204.0,231.0,204.0,分𫳵分薄如𪿙
234.0,247.0,263.0,247.0,263.0,520.0,234.0,520.0,㐌𢝜渃沚花㵢吕󰟯
201.0,14.0,229.0,14.0,229.0,205.0,201.0,205.0,喂金郎唉金郎
206.0,250.0,232.0,250.0,232.0,516.0,206.0,516.0,催催妾㐌負払自低
167.0,13.0,199.0,13.0,199.0,206.0,167.0,206.0,𣴓𠳒魂𢴑𧖱醝
173.0,249.0,202.0,249.0,202.0,519.0,173.0,519.0,󰜋唏朗𡴯堆𢬣冷同
134.0,12.0,166.0,12.0,166.0,207.0,134.0,207.0,椿萱秩醒聀燶
138.0,248.0,172.0,248.0,172.0,515.0,138.0,515.0,󰜋茹圍笠几𥪝𠊛外
105.0,18.0,132.0,18.0,132.0,208.0,105.0,208.0,几湯𠊛𬟥排排
109.0,251.0,137.0,251.0,137.0,514.0,109.0,514.0,買油千彙渚沛湥紅
74.0,12.0,103.0,12.0,103.0,204.0,74.0,204.0,𠳨𫳵𦋦事𨔍𨓡
77.0,248.0,108.0,248.0,108.0,517.0,77.0,517.0,翹強𠽋𠴑𨷑空𦋦𠳒
41.0,15.0,70.0,15.0,70.0,203.0,41.0,203.0,浽娘雲買𠯇𦖻
43.0,246.0,74.0,246.0,74.0,517.0,43.0,517.0,隻󰠽底貝詞掊於低
12.0,17.0,37.0,17.0,37.0,204.0,12.0,204.0,尼吒爫𦇒緣眉
13.0,245.0,42.0,245.0,42.0,517.0,13.0,517.0,催時浽󰀎𡢐尼㐌㛪