391.0,11.0,420.0,11.0,420.0,209.0,391.0,209.0,悲𣇞買𤑟沁唏
391.0,251.0,425.0,251.0,425.0,515.0,391.0,515.0,𧖱悭󰠲固𨔍𠁀茹悭
358.0,13.0,390.0,13.0,390.0,211.0,358.0,211.0,斫󰠲𢪊翠𢺺鴛
359.0,251.0,389.0,251.0,389.0,517.0,359.0,517.0,埃𦋦塘刀埃𥆾特埃
325.0,9.0,356.0,9.0,356.0,208.0,325.0,208.0,悲𣇞󰜋域󰜋𡗶
326.0,252.0,357.0,252.0,357.0,517.0,326.0,517.0,歇調輕重歇𠳒是非
293.0,15.0,324.0,15.0,324.0,208.0,293.0,208.0,珥如苝󰠱如𨨲
294.0,251.0,325.0,251.0,325.0,518.0,294.0,518.0,𫽻朱𦋦女群之󰑼緣
261.0,14.0,292.0,14.0,292.0,207.0,261.0,207.0,呂󰟯𡮍分婵娟
260.0,251.0,293.0,251.0,293.0,518.0,260.0,518.0,𣷭溇㳥奇固全特爲
227.0,13.0,259.0,13.0,259.0,207.0,227.0,207.0,󰜋𠇮陰倚𣎀迡
228.0,251.0,259.0,251.0,259.0,519.0,228.0,519.0,𥒦油潙渃眜苔𢆥更
196.0,11.0,225.0,11.0,225.0,208.0,196.0,208.0,󰉺𣌉候下󰉟萾
195.0,253.0,227.0,253.0,227.0,518.0,195.0,518.0,小姐𪮻󰘚提情𠳨查
166.0,11.0,194.0,11.0,194.0,205.0,166.0,205.0,𢫘𠳒娘買䜹戈
166.0,250.0,194.0,250.0,194.0,517.0,166.0,517.0,沛欺命吏㤕車浽命
132.0,10.0,162.0,10.0,162.0,206.0,132.0,206.0,小姐吏𠳨束生
134.0,251.0,163.0,251.0,163.0,516.0,134.0,516.0,忌払查𥙩寔情朱㝹
100.0,14.0,130.0,14.0,130.0,208.0,100.0,208.0,生陀撻𦛌如胞
101.0,250.0,133.0,250.0,133.0,514.0,101.0,514.0,呐𦋦𫽄便𬂙𠓨𫽄登
67.0,15.0,97.0,15.0,97.0,209.0,67.0,209.0,仍衣吏累典娘
70.0,253.0,100.0,253.0,100.0,514.0,70.0,514.0,打料買仕𢫘塘𠳨查
31.0,11.0,65.0,11.0,65.0,208.0,31.0,208.0,儈頭跪𠓀𡑝花
35.0,251.0,69.0,251.0,69.0,515.0,35.0,515.0,申供娘買𨖲戈󰜋𠳒