374.0,10.0,405.0,10.0,405.0,201.0,374.0,201.0,沛從𦝄󰊄咍牢
378.0,210.0,411.0,210.0,411.0,478.0,378.0,478.0,事尼別併世芇特假
344.0,9.0,373.0,9.0,373.0,196.0,344.0,196.0,早衙皮𣇜𠓇𣈜
345.0,216.0,377.0,216.0,377.0,478.0,345.0,478.0,决情公買󰠣𣦍󰜋排
311.0,8.0,341.0,8.0,341.0,200.0,311.0,200.0,令官埃敢󰠤𠳒
314.0,210.0,343.0,210.0,343.0,476.0,314.0,476.0,押情買擀朱𠊛士官
279.0,9.0,310.0,9.0,310.0,204.0,279.0,204.0,翁絲寔𠰚多端
283.0,211.0,312.0,211.0,312.0,478.0,283.0,478.0,車絲牢窖撝乾撝吀
247.0,7.0,278.0,7.0,278.0,205.0,247.0,205.0,󰖛花押𥊢𫴋船
248.0,213.0,281.0,213.0,281.0,479.0,248.0,479.0,𦲿幔𢷀隰𦰟畑挑高
216.0,9.0,246.0,9.0,246.0,202.0,216.0,202.0,娘強塢柳派桃
218.0,214.0,247.0,214.0,247.0,479.0,218.0,479.0,𤾓分芇固分芇分鮮
186.0,11.0,214.0,11.0,214.0,203.0,186.0,203.0,仃身吉垃㳥𡏧
188.0,218.0,217.0,218.0,217.0,478.0,188.0,478.0,刼功吒媄舌𠁀聰明
154.0,9.0,184.0,9.0,184.0,203.0,154.0,203.0,蹎𡗶󰘚彼泠汀
155.0,213.0,185.0,213.0,185.0,476.0,155.0,476.0,捻昌別𢭮死生准芇
119.0,8.0,152.0,8.0,152.0,204.0,119.0,204.0,緣󰠲埃󰠥絲桃
123.0,211.0,154.0,211.0,154.0,474.0,123.0,474.0,女󰠲埃㐌𢴑𠓨羡𢬣
90.0,7.0,117.0,7.0,117.0,203.0,90.0,203.0,身牢身旦世尼
89.0,214.0,122.0,214.0,122.0,477.0,89.0,477.0,群𣈜芇拱餘𣈜󰀎催
58.0,8.0,87.0,8.0,87.0,203.0,58.0,203.0,㐌空別𤯩󰑼𫽗
59.0,211.0,87.0,211.0,87.0,477.0,59.0,477.0,𬌓身芇別舌耒󰑼傷
24.0,14.0,55.0,14.0,55.0,206.0,24.0,206.0,󰜋命荄䔲𤾓塘
26.0,211.0,57.0,211.0,57.0,475.0,26.0,475.0,催時󰞺玉散鐄時催