379.0,9.0,408.0,9.0,408.0,194.0,379.0,194.0,傷強𢪀𢪀強𤴬
384.0,237.0,413.0,237.0,413.0,503.0,384.0,503.0,###
351.0,11.0,378.0,11.0,378.0,193.0,351.0,193.0,𧵆沔𦖑固󰜋柴
352.0,238.0,383.0,238.0,383.0,497.0,352.0,497.0,𢒎符殺鬼高𢬣通玄
317.0,8.0,347.0,8.0,347.0,196.0,317.0,196.0,𨕭三寶𠁑九泉
319.0,237.0,350.0,237.0,350.0,499.0,319.0,499.0,尋󰠳時拱別信𤑟𤉜
286.0,8.0,316.0,8.0,316.0,195.0,286.0,195.0,懺生礼物逴𨖅
288.0,240.0,317.0,240.0,317.0,499.0,288.0,499.0,吀尋朱𧡊󰘚娘𠳨嘆
253.0,8.0,283.0,8.0,283.0,192.0,253.0,192.0,道人伏𠓀凈𡊨
255.0,239.0,285.0,239.0,285.0,498.0,255.0,498.0,出神𦀊丿渚殘𥘀香
221.0,11.0,251.0,11.0,251.0,198.0,221.0,198.0,阻𧗱明白呐詳
222.0,239.0,253.0,239.0,253.0,497.0,222.0,497.0,𩈘娘𫽄𧡊𭛣娘㐌查
189.0,8.0,219.0,8.0,219.0,197.0,189.0,197.0,𠊛尼󰠱刼寃家
190.0,239.0,219.0,239.0,219.0,497.0,190.0,497.0,群𡗉女𡗋牢陀托朱
154.0,9.0,188.0,9.0,188.0,196.0,154.0,196.0,孛宮登默难蘇
159.0,240.0,189.0,240.0,189.0,495.0,159.0,495.0,󰜋𢆥女買𠶀𠻀特信
125.0,10.0,153.0,10.0,153.0,197.0,125.0,197.0,𠄩边夾𩈘廛廛
127.0,239.0,156.0,239.0,156.0,495.0,127.0,495.0,悶認麻𫽄敢認𨔍台
92.0,10.0,124.0,10.0,124.0,197.0,92.0,197.0,𦖑𠳒呐𨔍󰟯尼
96.0,237.0,125.0,237.0,125.0,494.0,96.0,494.0,事娘㐌世𠳒柴敢信
62.0,11.0,91.0,11.0,91.0,196.0,62.0,196.0,𫽄戈童骨光扦
63.0,237.0,95.0,237.0,95.0,495.0,63.0,495.0,𠊛󰠳麻吏体𨕭𡎝塵
30.0,11.0,61.0,11.0,61.0,195.0,30.0,195.0,惜花仍吟𠿯春
29.0,237.0,61.0,237.0,61.0,493.0,29.0,493.0,身尼易吏󰋇吝﨤仙