359.0,15.0,390.0,15.0,390.0,211.0,359.0,211.0,󰡈溪渃沚𤄯漂
362.0,250.0,392.0,250.0,392.0,515.0,362.0,515.0,邊求絲柳䏾朝㐌𦋦
327.0,16.0,357.0,16.0,357.0,211.0,327.0,211.0,翹自𧿨𨃴帳花
328.0,251.0,360.0,251.0,360.0,517.0,328.0,517.0,󰘚𡗶典坦鉦陀收空
296.0,17.0,325.0,17.0,325.0,211.0,296.0,211.0,𦎛娥永永慈窻
298.0,251.0,327.0,251.0,327.0,515.0,298.0,515.0,鐄招痕渃核𪱨䏾𡑝
266.0,15.0,294.0,15.0,294.0,207.0,266.0,207.0,海棠扡𦰟東鄰
268.0,251.0,296.0,251.0,296.0,514.0,268.0,514.0,湥霜撩𥘀梗春󰑼陀
235.0,15.0,263.0,15.0,263.0,207.0,235.0,207.0,没命𤎜𥋴素娥
236.0,249.0,266.0,249.0,266.0,518.0,236.0,518.0,遁塘賒買浽賒排排
205.0,13.0,232.0,13.0,232.0,206.0,205.0,206.0,𠊛麻典世時催
204.0,247.0,235.0,247.0,235.0,516.0,204.0,516.0,𠁀繁花拱󰑼𠁀補𠫾
173.0,14.0,200.0,14.0,200.0,204.0,173.0,204.0,𠊛󰠳﨤𫽻爫之
174.0,249.0,203.0,249.0,203.0,520.0,174.0,520.0,𤾓𢆥別固緣之台空
141.0,9.0,168.0,9.0,168.0,209.0,141.0,209.0,衮昂𤾓䋦邊𢚸
140.0,247.0,172.0,247.0,172.0,519.0,140.0,519.0,𢧚勾絶妙寓𥪞性情
109.0,15.0,137.0,15.0,137.0,208.0,109.0,208.0,征征䏾月熾萌
107.0,248.0,139.0,248.0,139.0,518.0,107.0,518.0,𢭸𡎢邊󰡂没命燒燒
73.0,10.0,106.0,10.0,106.0,210.0,73.0,210.0,率󰠳𧡊没小嬌
76.0,251.0,105.0,251.0,105.0,520.0,76.0,520.0,固朝風韻固朝清新
42.0,13.0,72.0,13.0,72.0,206.0,42.0,206.0,霜印󰘚雪坡身
45.0,245.0,74.0,245.0,74.0,517.0,45.0,517.0,樂鐄蕩蕩如𧵆如賒
12.0,12.0,41.0,12.0,41.0,207.0,12.0,207.0,連𢜠噋𠳨𠻀󰑼
12.0,247.0,43.0,247.0,43.0,516.0,12.0,516.0,桃源落𡓃󰠳麻典低