381.0,13.0,411.0,13.0,411.0,196.0,381.0,196.0,頭撑㐌罪情之
384.0,245.0,411.0,245.0,411.0,512.0,384.0,512.0,𦟐紅填過姅時渚催
349.0,12.0,379.0,12.0,379.0,203.0,349.0,203.0,別身𧼋𫽄塊𡗶
351.0,243.0,381.0,243.0,381.0,512.0,351.0,512.0,拱料󰘚粉朱耒𣈜撑
316.0,8.0,347.0,8.0,347.0,203.0,316.0,203.0,吝輸󰊄沫𣎀清
315.0,242.0,347.0,242.0,347.0,511.0,315.0,511.0,俸󰠳固客边庭旦制
282.0,10.0,314.0,10.0,314.0,203.0,282.0,203.0,鬚𤞻𦛜燕眉𧍋
285.0,242.0,314.0,242.0,314.0,514.0,285.0,514.0,𦠘𠄼𡬷𢌌身𨑮𡱩高
251.0,10.0,281.0,10.0,281.0,203.0,251.0,203.0,堂堂󰜋等𮎦豪
251.0,243.0,282.0,243.0,282.0,512.0,251.0,512.0,棍拳欣飭畧韜𫡂才
222.0,9.0,250.0,9.0,250.0,201.0,222.0,201.0,隊𡗶踏坦於𠁀
219.0,245.0,249.0,245.0,249.0,512.0,219.0,512.0,户徐𠸜海本𠊛越東
189.0,8.0,220.0,8.0,220.0,202.0,189.0,202.0,江湖涓趣浘漨
188.0,244.0,218.0,244.0,218.0,512.0,188.0,512.0,鎌弹姅梗𡽫滝󰜋掉
158.0,7.0,187.0,7.0,187.0,200.0,158.0,200.0,戈制体㗂娘翹
157.0,245.0,187.0,245.0,187.0,508.0,157.0,508.0,𬌓𢚸兒女拱漂𮎦䧺
127.0,9.0,156.0,9.0,156.0,200.0,127.0,200.0,帖名迻旦楼紅
124.0,242.0,156.0,242.0,156.0,508.0,124.0,508.0,𠄩边共𥆁𠄩𢚸共於
93.0,8.0,124.0,8.0,124.0,201.0,93.0,201.0,徐浪心腹相期
93.0,244.0,123.0,244.0,123.0,508.0,93.0,508.0,沛𠊛𦝄󰊄勾爲咍牢
61.0,11.0,90.0,11.0,90.0,197.0,61.0,197.0,閉𥹰𦖑㗂𦟐桃
62.0,244.0,91.0,244.0,91.0,507.0,62.0,507.0,𬑉撑𫽄底埃𠓨洞空
29.0,10.0,59.0,10.0,59.0,199.0,29.0,199.0,󰜋𠁀特󰋇𮎦䧺
27.0,241.0,59.0,241.0,59.0,507.0,27.0,507.0,補之󰠩𡊱𪀄籠麻制