379.0,16.0,407.0,16.0,407.0,204.0,379.0,204.0,仍󰑼寃苦流󰡞
381.0,247.0,416.0,247.0,416.0,510.0,381.0,510.0,徐朱歇刼群之󰑼身
346.0,10.0,376.0,10.0,376.0,202.0,346.0,202.0,𨑮𠄻𢆥閉饒吝
348.0,251.0,380.0,251.0,380.0,512.0,348.0,512.0,爫𦎛朱客紅裙此𤐝
314.0,15.0,343.0,15.0,343.0,203.0,314.0,203.0,𠁀𠊛旦世時催
317.0,247.0,347.0,247.0,347.0,514.0,317.0,514.0,冲机陽極陰回坤台
282.0,15.0,312.0,15.0,312.0,204.0,282.0,204.0,󰋇𠊛為󰒂初󰅒
286.0,252.0,316.0,252.0,316.0,520.0,286.0,520.0,𡗶爫之旦𥹰𣈜強傷
249.0,11.0,279.0,11.0,279.0,204.0,249.0,204.0,𮗓緣自節啫娘
252.0,251.0,285.0,251.0,285.0,515.0,252.0,515.0,撩䕯掛𫌇𢌌塘雲遊
217.0,9.0,248.0,9.0,248.0,207.0,217.0,207.0,﨤妑三合道姑
220.0,249.0,250.0,249.0,250.0,518.0,220.0,518.0,從容𠳨歇𡮈蘇事娘
186.0,14.0,213.0,14.0,213.0,205.0,186.0,205.0,𠊛牢孝󰒂覩塘
188.0,252.0,218.0,252.0,218.0,517.0,188.0,517.0,刼牢﨤仍断膓世催
154.0,11.0,183.0,11.0,183.0,205.0,154.0,205.0,師浪福禍道𡗶
155.0,250.0,187.0,250.0,187.0,516.0,155.0,516.0,檜源拱於𢚸𠊛麻𦋦
122.0,14.0,151.0,14.0,151.0,206.0,122.0,206.0,固𡗶麻拱在些
125.0,251.0,154.0,251.0,154.0,516.0,125.0,516.0,修󰑼檜福情󰑼𦀊寃
90.0,14.0,119.0,14.0,119.0,205.0,90.0,205.0,翠翹色稍坤頑
94.0,254.0,123.0,254.0,123.0,518.0,94.0,518.0,無緣󰑼分紅顔㐌停
57.0,12.0,87.0,12.0,87.0,205.0,57.0,205.0,吏芒𥙩󰜋𫳘情
62.0,255.0,92.0,255.0,92.0,516.0,62.0,516.0,墟墟命纀𥙩命𠓨沖
25.0,13.0,55.0,13.0,55.0,204.0,25.0,204.0,丕𢧚仍性從容
30.0,252.0,61.0,252.0,61.0,516.0,30.0,516.0,於空安稳𡎢空凭鐄