428.0,147.0,464.0,147.0,464.0,367.0,428.0,367.0,󰠵戈堆森景𠊛
430.0,406.0,470.0,406.0,470.0,683.0,430.0,683.0,景撑如𡳒𠊛鮮如𬁻
391.0,148.0,425.0,148.0,425.0,366.0,391.0,366.0,寒江丿㐌細耒
397.0,409.0,429.0,409.0,429.0,682.0,397.0,682.0,云仙暫住𠬠囬𢭂书
355.0,146.0,388.0,146.0,388.0,365.0,355.0,365.0,武公䀡𧡊信书
357.0,413.0,393.0,413.0,393.0,683.0,357.0,683.0,𢜠縁琴瑟䋦絲鄧連
318.0,151.0,350.0,151.0,350.0,364.0,318.0,364.0,䀡戈相貌云仙
323.0,410.0,354.0,410.0,354.0,682.0,323.0,682.0,呵𠸦户陸福䝨生昆
280.0,154.0,315.0,154.0,315.0,371.0,280.0,371.0,眉蠶𬑉鳳𠶣崙
283.0,411.0,319.0,411.0,319.0,684.0,283.0,684.0,𨑮分骨格𣃱𧷺𨑮分
241.0,154.0,275.0,154.0,275.0,371.0,241.0,371.0,仍𠲖几晋𠊛秦
241.0,411.0,277.0,411.0,277.0,677.0,241.0,677.0,芇咍𡦂壻鄧連𡦂佳
200.0,155.0,236.0,155.0,236.0,369.0,200.0,369.0,𥄮它𢢲胣和𠄩
202.0,414.0,237.0,414.0,237.0,684.0,202.0,684.0,尼妯南澗怒𤳆東麻
163.0,156.0,197.0,156.0,197.0,373.0,163.0,373.0,公浪𫢩󰒂壻郎
167.0,415.0,200.0,415.0,200.0,684.0,167.0,684.0,悶卢役渃沛筭役茄
128.0,158.0,160.0,158.0,160.0,374.0,128.0,374.0,仙浪𢘾量岳爺
132.0,412.0,164.0,412.0,164.0,684.0,132.0,684.0,大科嗔及小科卢夷
89.0,159.0,125.0,159.0,125.0,379.0,89.0,379.0,公浪昆篤𠖈詩
93.0,411.0,127.0,411.0,127.0,690.0,93.0,690.0,牢空結伴麻𠫾𠓨塲