364.0,166.0,394.0,166.0,394.0,374.0,364.0,374.0,娘浪役𧘇㐌仃
361.0,416.0,394.0,416.0,394.0,676.0,361.0,676.0,群卢𠄩𡦂恩情渚衝
325.0,164.0,356.0,164.0,356.0,375.0,325.0,375.0,昆嗔戈𥛉六翁
325.0,419.0,358.0,419.0,358.0,677.0,325.0,677.0,爫斎𬙞𩛷論共雲仙
289.0,163.0,320.0,163.0,320.0,376.0,289.0,376.0,嗔朱恩󰒂援全
288.0,416.0,321.0,416.0,321.0,679.0,288.0,679.0,防欺𠖈准黄泉及饒
250.0,165.0,283.0,165.0,283.0,377.0,250.0,377.0,矯公別𢪀畧𡢐
249.0,418.0,284.0,418.0,284.0,676.0,249.0,676.0,頒朱钱泊給侯迻𠫾
208.0,167.0,242.0,167.0,242.0,375.0,208.0,375.0,六翁𦋦逴𠬠欺
211.0,420.0,245.0,420.0,245.0,680.0,211.0,680.0,月娥𠓨達礼󰀩産床
167.0,164.0,197.0,164.0,197.0,375.0,167.0,375.0,㝵苓沁浍連𡊨
171.0,416.0,204.0,416.0,204.0,682.0,171.0,682.0,咹𧗱󰳄坦朱払雲仙
130.0,165.0,162.0,165.0,162.0,376.0,130.0,376.0,𬮎𦋦幅像撩𨖲
132.0,418.0,167.0,418.0,167.0,683.0,132.0,683.0,冲茄朱細𡌽廊調傷
95.0,165.0,125.0,165.0,125.0,368.0,95.0,368.0,月娥奔㗂哭払
96.0,416.0,126.0,416.0,126.0,682.0,96.0,682.0,雲仙払於󰋞鐄固咍
59.0,166.0,90.0,166.0,90.0,374.0,59.0,374.0,𬙞㝵耒𭛣爫齋
57.0,415.0,89.0,415.0,89.0,682.0,57.0,682.0,吏󰝡钱泊討󰉨六公
23.0,162.0,53.0,162.0,53.0,377.0,23.0,377.0,𬂙𫯳麻庒﨤𫯳
21.0,415.0,55.0,415.0,55.0,685.0,21.0,685.0,㐌仃𠬠分侍紅無緣