365.0,152.0,396.0,152.0,396.0,368.0,365.0,368.0,舘浪傷等𮎦䧺
362.0,406.0,393.0,406.0,393.0,680.0,362.0,680.0,迻𠀧󰘩茦底防𫉚身
323.0,151.0,360.0,151.0,360.0,369.0,323.0,369.0,庒埋麻﨤𣅶芇
324.0,408.0,359.0,408.0,359.0,680.0,324.0,680.0,當欺过対咹𠓨拱𩛂
287.0,152.0,321.0,152.0,321.0,366.0,287.0,366.0,仙浪𠹾𥙩恩朱
287.0,407.0,320.0,407.0,320.0,678.0,287.0,678.0,𬌓𢚸𪿒匕唉卢賖𧵆
249.0,149.0,284.0,149.0,284.0,369.0,249.0,369.0,舘浪些拱󰘊傾
251.0,405.0,285.0,405.0,285.0,678.0,251.0,678.0,𧡊丕𢧚買避塵除低
207.0,148.0,240.0,148.0,240.0,367.0,207.0,367.0,𡽫𣛟渃碧盃𡆫
211.0,406.0,247.0,406.0,247.0,683.0,211.0,683.0,𠬠瓢枯酒𠬠潙金𬞕
170.0,151.0,203.0,151.0,203.0,369.0,170.0,369.0,隐身蹺准安閒
172.0,405.0,205.0,405.0,205.0,684.0,172.0,684.0,渚尼名利另塘是非
131.0,152.0,166.0,152.0,166.0,370.0,131.0,370.0,呐耒乖果󰑾𠫾
134.0,411.0,168.0,411.0,168.0,679.0,134.0,679.0,云仙䀡𧡊卞𪟽冲𢚸
94.0,148.0,126.0,148.0,126.0,365.0,94.0,365.0,𬂙澄淡紫𣦎冬
93.0,405.0,129.0,405.0,129.0,684.0,93.0,684.0,𢪀隊干吏𠼦麻隊干
57.0,148.0,91.0,148.0,91.0,368.0,57.0,368.0,𢧚庒𡮇分之麻
57.0,408.0,90.0,408.0,90.0,683.0,57.0,683.0,汝句養育卢恩生成
20.0,151.0,52.0,151.0,52.0,369.0,20.0,369.0,芒句不孝㐌仃
24.0,407.0,54.0,407.0,54.0,684.0,24.0,684.0,𢪀𠇮麻𢢆朱𠇮爫昆