444.0,165.0,476.0,165.0,476.0,381.0,444.0,381.0,主東𦋦塊園春
444.0,417.0,478.0,417.0,478.0,681.0,444.0,681.0,花残蘂𣳮󰑼棱補荒
408.0,167.0,441.0,167.0,441.0,381.0,408.0,381.0,於𠁀埃𢚁𢀭𢀨
406.0,418.0,442.0,418.0,442.0,683.0,406.0,683.0,花春麻歇𠦳鐄坤摸
370.0,169.0,405.0,169.0,405.0,383.0,370.0,383.0,咍之仍娓於厨
370.0,418.0,404.0,418.0,404.0,683.0,370.0,683.0,𠬠旬𫔤禁𦊚務冷星
332.0,168.0,367.0,168.0,367.0,384.0,332.0,384.0,冷汀𠬠隻船情
333.0,419.0,368.0,419.0,368.0,685.0,333.0,685.0,𨑮𠄩𣷷渃迻𨉓𠓨󰦓
293.0,168.0,330.0,168.0,330.0,382.0,293.0,382.0,埃曾默袄空袍
293.0,419.0,328.0,419.0,328.0,685.0,293.0,685.0,咹粓空𥮊咹蔞空槁
252.0,171.0,291.0,171.0,291.0,384.0,252.0,384.0,娘牢庒𢪀畧𡢐
252.0,423.0,291.0,423.0,291.0,686.0,252.0,686.0,底揞幅像闭𥹰舌𨉓
214.0,172.0,250.0,172.0,250.0,384.0,214.0,384.0,娘浪𠸗斈史經
214.0,424.0,250.0,424.0,250.0,683.0,214.0,683.0,爫身昆𡛔𡦂貞爫頭
179.0,171.0,211.0,171.0,211.0,387.0,179.0,387.0,庒於𠺙渃郑󰦓
178.0,426.0,213.0,426.0,213.0,686.0,178.0,686.0,現𠊚細󰘂󰝡妯私情
143.0,172.0,177.0,172.0,177.0,384.0,143.0,384.0,儉浪㐌斈史經
143.0,423.0,176.0,423.0,176.0,684.0,143.0,684.0,牢空𤐝察底𨉓𦣰空
103.0,173.0,140.0,173.0,140.0,392.0,103.0,392.0,胡陽𠸗買化𫯳
104.0,423.0,139.0,423.0,139.0,687.0,104.0,687.0,唉群顔色宋公󰑼𣃣