439.0,156.0,474.0,156.0,474.0,375.0,439.0,375.0,埃朱蓮𣑁𠬠盆
442.0,413.0,480.0,413.0,480.0,681.0,442.0,681.0,埃朱𣔥楔𤯭共榴梨
402.0,161.0,436.0,161.0,436.0,376.0,402.0,376.0,他空律𠹾𠬠皮
405.0,416.0,440.0,416.0,440.0,682.0,405.0,682.0,𧯶󰝡𨉓玉預㘛武夫
365.0,158.0,399.0,158.0,399.0,375.0,365.0,375.0,荘浪官品名儒
367.0,416.0,401.0,416.0,401.0,683.0,367.0,683.0,壻󰦓固壻𥊖瞙世尼
328.0,162.0,361.0,162.0,361.0,376.0,328.0,376.0,𦖻𦖑𠊛呐会尼
330.0,417.0,364.0,417.0,364.0,684.0,330.0,684.0,固王子直杜󰉨首科
289.0,159.0,326.0,159.0,326.0,377.0,289.0,377.0,些油悶結𡢽爺
292.0,418.0,327.0,418.0,327.0,685.0,292.0,685.0,户王户武𠬠茄買𠰮
248.0,164.0,286.0,164.0,286.0,380.0,248.0,380.0,公浪悶論𭛣𨉓
251.0,417.0,290.0,417.0,290.0,685.0,251.0,685.0,排󰝺𠬠斫弋情朱衝
210.0,161.0,245.0,161.0,245.0,377.0,210.0,377.0,荘浪𦖑𡶀倉松
214.0,420.0,247.0,420.0,247.0,682.0,214.0,682.0,固𡎟深匕莂蓬坤𦋦
172.0,165.0,207.0,165.0,207.0,381.0,172.0,381.0,東城𠦳淡群賖
176.0,420.0,209.0,420.0,209.0,687.0,176.0,687.0,󰝡払捕妬埃麻別󰦓
134.0,167.0,169.0,167.0,169.0,383.0,134.0,383.0,䏾核𦝄㐌拮頭
138.0,420.0,173.0,420.0,173.0,688.0,138.0,688.0,雲仙𡎢畧茄求咀嘆
95.0,166.0,132.0,166.0,132.0,386.0,95.0,386.0,武公𦋦畧誘払
100.0,421.0,135.0,421.0,135.0,684.0,100.0,684.0,𠖈船朱𥙩迻郎東城