364.0,167.0,396.0,167.0,396.0,386.0,364.0,386.0,𠄩卢爲𡛔紅顔
364.0,418.0,396.0,418.0,396.0,678.0,364.0,678.0,𠲖𠊚保养防筭浽夷
325.0,168.0,359.0,168.0,359.0,382.0,325.0,382.0,月娥𨻫仍胡𪟽
322.0,422.0,359.0,422.0,359.0,680.0,322.0,680.0,丿󰦓裴儉𠬠欺𧗱茄
286.0,167.0,322.0,167.0,322.0,382.0,286.0,382.0,㝵又䀡𧡊月娥
286.0,416.0,320.0,416.0,320.0,679.0,286.0,679.0,情𥢆傕仍想它𢚸春
247.0,167.0,283.0,167.0,283.0,384.0,247.0,384.0,𧡊娘蜍幅像人
247.0,418.0,284.0,418.0,284.0,680.0,247.0,680.0,儉䀡氏思吝懇𠳨連
206.0,167.0,244.0,167.0,244.0,381.0,206.0,381.0,像尼牢𠏳雲仙
211.0,421.0,245.0,421.0,245.0,681.0,211.0,681.0,󰋇𥹰蜍固灵千調夷
173.0,167.0,203.0,167.0,203.0,380.0,173.0,380.0,娘浪爫分女兒
173.0,418.0,206.0,418.0,206.0,680.0,173.0,680.0,𠬠勾節行沛𥱬𠓨𢚸
131.0,166.0,169.0,166.0,169.0,379.0,131.0,379.0,𤾓𫷜朱論𡦂從
133.0,418.0,170.0,418.0,170.0,682.0,133.0,682.0,𤯩牢托丕𠬠𫯳麻傕
93.0,167.0,128.0,167.0,128.0,380.0,93.0,380.0,儉浪娘呐差耒
96.0,416.0,131.0,416.0,131.0,681.0,96.0,681.0,埃曾半得麻𡎢󰆀猪
56.0,168.0,89.0,168.0,89.0,380.0,56.0,380.0,󰥎𠊚冲癸𩙌湄
58.0,417.0,93.0,417.0,93.0,682.0,58.0,682.0,𦉱𨑮󰋇󰘚󰠵𠸗鄧芇
21.0,165.0,54.0,165.0,54.0,382.0,21.0,382.0,主東𠸗於園桃
20.0,415.0,57.0,415.0,57.0,683.0,20.0,683.0,蜂戈𧊉吏別包饒吝