427.0,126.0,457.0,126.0,457.0,335.0,427.0,335.0,公浪娘於何方
428.0,375.0,462.0,375.0,462.0,646.0,428.0,646.0,𭛣之麻細𡧲園花些
391.0,125.0,425.0,125.0,425.0,337.0,391.0,337.0,踈浪陣𩙌󰉺戈
394.0,379.0,425.0,379.0,425.0,647.0,394.0,647.0,沉船𢧚浽𨉓𦋦󰡫尼
356.0,121.0,388.0,121.0,388.0,337.0,356.0,337.0,最沁呂𨀈細低
353.0,379.0,389.0,379.0,389.0,648.0,353.0,648.0,嗔𠊚𤐝𪹾情尼𣦍奸
316.0,123.0,348.0,123.0,348.0,340.0,316.0,340.0,裴公𨅸𥄮相娘
317.0,381.0,351.0,381.0,351.0,649.0,317.0,649.0,庒荘臺阁拱行簮纓
279.0,126.0,312.0,126.0,312.0,342.0,279.0,342.0,頭𡳪娘呵訴情
275.0,383.0,314.0,383.0,314.0,650.0,275.0,650.0,月娥𥙩寔傳𨉓疎戈
238.0,121.0,275.0,121.0,275.0,343.0,238.0,343.0,裴公𢜠逴𠓨茄
238.0,382.0,273.0,382.0,273.0,643.0,238.0,643.0,台裙𨒻袄餒麻爫昆
197.0,124.0,232.0,124.0,232.0,343.0,197.0,343.0,些低拱固𠬠昆
201.0,382.0,236.0,382.0,236.0,647.0,201.0,647.0,𠸜󰑼裴儉奴群於京
165.0,127.0,194.0,127.0,194.0,342.0,165.0,342.0,冲茄空𡛔後生
162.0,384.0,195.0,384.0,195.0,647.0,162.0,647.0,埋麻吏﨤蜞蛉𡧲𡗶
126.0,129.0,160.0,129.0,160.0,343.0,126.0,343.0,月娥於㐌安尼
127.0,386.0,158.0,386.0,158.0,648.0,127.0,648.0,店又𢪀量𠬠𠁀㤕車
88.0,130.0,120.0,130.0,120.0,346.0,88.0,346.0,𠬠卢爲渃烏戈
89.0,388.0,120.0,388.0,120.0,642.0,89.0,642.0,𠲖𤤰扒罪吒𫅷托冤