383.0,12.0,413.0,12.0,413.0,205.0,383.0,205.0,欺香𣋽欺𩄲𣌁
384.0,250.0,413.0,250.0,413.0,511.0,384.0,511.0,盘茶點渃塘絲和弹
353.0,9.0,379.0,9.0,379.0,205.0,353.0,205.0,󰜋埋𥪞局追歡
350.0,251.0,379.0,251.0,379.0,511.0,350.0,511.0,強悁属󰞺強灡𢬢情
319.0,12.0,350.0,12.0,350.0,206.0,319.0,206.0,𨔍朱丐㳥傾城
316.0,252.0,346.0,252.0,346.0,514.0,316.0,514.0,爫朱覩舘漂亭如制
288.0,11.0,315.0,11.0,315.0,204.0,288.0,204.0,束生悁󰞺卜淶
284.0,249.0,315.0,249.0,315.0,515.0,284.0,515.0,𤾓𠦳覩󰜋陣唭如空
253.0,10.0,283.0,10.0,283.0,205.0,253.0,205.0,媒強蘇綠捽紅
251.0,248.0,280.0,248.0,280.0,515.0,251.0,515.0,𧖱貪係𧡊唏同時迷
219.0,12.0,251.0,12.0,251.0,208.0,219.0,208.0,𠁑𦝄鵑㐌哙夏
219.0,250.0,248.0,250.0,248.0,511.0,219.0,511.0,頭墻焒榴󰟧𫤡󰠐󱖮
187.0,13.0,217.0,13.0,217.0,202.0,187.0,202.0,房𦂛沛貝從容
186.0,250.0,217.0,250.0,217.0,513.0,186.0,513.0,湯蘭𢷀幅帳紅浸花
156.0,12.0,183.0,12.0,183.0,200.0,156.0,200.0,𤑟牟𥪞玉𤽸牙
153.0,249.0,184.0,249.0,184.0,514.0,153.0,514.0,󰁳󰁳産𤒘󰜋座天然
125.0,15.0,153.0,15.0,153.0,205.0,125.0,205.0,生強𤏣󰞺強𠸦
122.0,247.0,151.0,247.0,151.0,515.0,122.0,515.0,寫情𢬣草󰜋天律唐
91.0,12.0,119.0,12.0,119.0,202.0,91.0,202.0,娘強𠳐別𢚸払
88.0,253.0,119.0,253.0,119.0,513.0,88.0,513.0,𠳒𠳒珠月行行錦絩
57.0,11.0,85.0,11.0,85.0,203.0,57.0,203.0,咍𪬡𨤰拱浽貂
57.0,252.0,85.0,252.0,85.0,513.0,57.0,513.0,浽圭擬󰜋𠄩調昂昂
23.0,14.0,55.0,14.0,55.0,206.0,23.0,206.0,𢚸群𠳚盎𩄲鐄
19.0,253.0,51.0,253.0,51.0,512.0,19.0,512.0,和韻嗔唉𠹾払𣋚󰅒