375.0,8.0,406.0,8.0,406.0,201.0,375.0,201.0,娘強𠲖戾嗚𠲖
374.0,245.0,410.0,245.0,410.0,502.0,374.0,502.0,󰠂𦖻𠳨吏花婢畧𡢐
342.0,9.0,373.0,9.0,373.0,201.0,342.0,201.0,花浪󰜏典閉𥹰
340.0,243.0,372.0,243.0,372.0,501.0,340.0,501.0,䠣蹎𨅸納度兜姅𣇞
308.0,10.0,340.0,10.0,340.0,200.0,308.0,200.0,仃仃技𩯀蹎經
308.0,241.0,338.0,241.0,338.0,504.0,308.0,504.0,󰋇𠳒𦖑歇㐌餘𤏣詳
274.0,12.0,306.0,12.0,306.0,202.0,274.0,202.0,包饒断苦情傷
275.0,245.0,306.0,245.0,306.0,505.0,275.0,505.0,浽翁勿巴浽娘咀嘆
242.0,12.0,272.0,12.0,272.0,199.0,242.0,199.0,垠碎𨅸吏󰜋边
243.0,242.0,274.0,242.0,274.0,505.0,243.0,505.0,󰇏𦖻耒買𨀈蓮𨕭楼
207.0,9.0,240.0,9.0,240.0,202.0,207.0,202.0,𦖑催󰟹駭掣兜
209.0,243.0,240.0,243.0,240.0,505.0,209.0,505.0,弹󰜏体󰀎𧡊歐󰜋𠊛
177.0,10.0,205.0,10.0,205.0,202.0,177.0,202.0,𧘇買肝𧘇買才
176.0,241.0,207.0,241.0,207.0,505.0,176.0,505.0,𢪀強添浽䔲荄用移
142.0,11.0,174.0,11.0,174.0,202.0,142.0,202.0,𠊛兜㥪色渃𠁀
141.0,242.0,173.0,242.0,173.0,505.0,141.0,505.0,麻払束沛𦋦𠊛抪𢬣
110.0,8.0,141.0,8.0,141.0,204.0,110.0,204.0,寔賍扒特羕尼
112.0,240.0,139.0,240.0,139.0,504.0,112.0,504.0,𧖱悭埃拱珠眉哏𬹸
75.0,12.0,108.0,12.0,108.0,202.0,75.0,202.0,世𦓡㛪拯代藤
77.0,244.0,108.0,244.0,108.0,504.0,77.0,504.0,嘲𨑮𢝙𨤔呐能妙揚
43.0,9.0,74.0,9.0,74.0,201.0,43.0,201.0,𢚷妯𦋦胣世常
42.0,243.0,74.0,243.0,74.0,505.0,42.0,505.0,唭妯買寔坤量險溇
10.0,11.0,41.0,11.0,41.0,202.0,10.0,202.0,身些些沛𢗼歐
8.0,247.0,40.0,247.0,40.0,503.0,8.0,503.0,𠰘𤞻毒𧋻於兜准尼