374.0,14.0,409.0,14.0,409.0,217.0,374.0,217.0,娘浪分妾㐌停
373.0,253.0,407.0,253.0,407.0,519.0,373.0,519.0,固爫之女丐命補𠫾
343.0,11.0,373.0,11.0,373.0,211.0,343.0,211.0,𢪀払󰒂𡳵情記
341.0,253.0,372.0,253.0,372.0,517.0,341.0,517.0,朝𢚸噲固唱隨𡮨枚
311.0,12.0,342.0,12.0,342.0,212.0,311.0,212.0,𥢆𢚸㐌𢢆𡗋台
306.0,251.0,339.0,251.0,339.0,519.0,306.0,519.0,共它󰘚惮眉𠫆苦𥋳
276.0,14.0,310.0,14.0,310.0,206.0,276.0,206.0,仍󰑼歐厭𨦩外
276.0,250.0,304.0,250.0,304.0,520.0,276.0,520.0,群算𨷑󰘚貝𠊛朱戈
244.0,10.0,275.0,10.0,275.0,211.0,244.0,211.0,吏如仍𫗁𠊛些
243.0,249.0,275.0,249.0,275.0,522.0,243.0,522.0,𣾼香𠁑󰠬𢯏花𡳳務
213.0,10.0,243.0,10.0,243.0,211.0,213.0,211.0,拱洳󰇾辱排路
211.0,251.0,242.0,251.0,242.0,525.0,211.0,525.0,群情兜女麻𫌵帝催
180.0,9.0,212.0,9.0,212.0,209.0,180.0,209.0,𠊛腰些醜貝𠊛
180.0,251.0,210.0,251.0,210.0,525.0,180.0,525.0,腰饒時吏平𨑮負饒
145.0,9.0,178.0,9.0,178.0,206.0,145.0,206.0,󰘇茹油併𧗱𡢐
145.0,247.0,178.0,247.0,178.0,525.0,145.0,525.0,時群㛪妬路求姉低
115.0,8.0,144.0,8.0,144.0,204.0,115.0,204.0,𡦂貞群󰜋𡮍尼
114.0,248.0,144.0,248.0,144.0,526.0,114.0,526.0,𫽄扲木󰠭束𨃐朱散
82.0,7.0,114.0,7.0,114.0,198.0,82.0,198.0,群𡗉恩爱滇滇
82.0,248.0,113.0,248.0,113.0,526.0,82.0,526.0,咍之圍丐花殘麻制
49.0,10.0,81.0,10.0,81.0,202.0,49.0,202.0,払浪哏咘󰜋𠳒
45.0,245.0,81.0,245.0,81.0,528.0,45.0,528.0,###
11.0,10.0,47.0,10.0,47.0,201.0,11.0,201.0,㤕𠊛流落閉𥹰
13.0,243.0,44.0,243.0,44.0,527.0,13.0,527.0,###