385.0,15.0,414.0,15.0,414.0,201.0,385.0,201.0,磊埋歐拱事𡗶
386.0,249.0,418.0,249.0,418.0,506.0,386.0,506.0,斷膓吏論󰘚𠊛󰟁綠
349.0,13.0,383.0,13.0,383.0,202.0,349.0,202.0,㤕娘𡭧分婵娟
350.0,249.0,383.0,249.0,383.0,509.0,350.0,509.0,梗花󰝡半𠓨𠓨俚倴
319.0,13.0,348.0,13.0,348.0,202.0,319.0,202.0,卯𩢬㐌默𠓨困
319.0,249.0,348.0,249.0,348.0,510.0,319.0,510.0,聘󰀩𬼀價迎婚産𣈜
284.0,14.0,317.0,14.0,317.0,200.0,284.0,200.0,𢜠忱旗㐌典𢬣
284.0,248.0,317.0,248.0,317.0,510.0,284.0,510.0,強𥆾𨤔玉強醝曲鐄
254.0,12.0,282.0,12.0,282.0,200.0,254.0,200.0,㐌𢧚國色天香
252.0,249.0,282.0,249.0,282.0,506.0,252.0,506.0,󰜋唭尼罕𠦳鐄拯訛
219.0,12.0,252.0,12.0,252.0,201.0,219.0,201.0,𧗱低自畧𣷭花
218.0,250.0,251.0,250.0,251.0,510.0,218.0,510.0,王孫貴客乙󰑼都饒
188.0,12.0,218.0,12.0,218.0,203.0,188.0,203.0,罕𠀧𤾓两劍兜
187.0,247.0,216.0,247.0,216.0,508.0,187.0,508.0,拱㐌皮本群𡢐時利
157.0,14.0,186.0,14.0,186.0,201.0,157.0,201.0,𠰳唁掑典羡尼
154.0,246.0,186.0,246.0,186.0,510.0,154.0,510.0,本茹拱惜𧵑𡗶拱貪
123.0,11.0,155.0,11.0,155.0,202.0,123.0,202.0,桃僊㐌𤊰𢬣凡
121.0,245.0,152.0,245.0,152.0,510.0,121.0,510.0,時楥梗橘朱甘事𠁀
90.0,9.0,121.0,9.0,121.0,201.0,90.0,201.0,𠁑塵󰋇󰘚廊制
88.0,245.0,118.0,245.0,118.0,507.0,88.0,507.0,制花㐌易󰋇𠊛别花
57.0,10.0,88.0,10.0,88.0,203.0,57.0,203.0,渃蒲榴𧖱𬚶𬷤
55.0,245.0,87.0,245.0,87.0,508.0,55.0,508.0,摱牟招集吏󰑼群原
22.0,9.0,55.0,9.0,55.0,202.0,22.0,202.0,𦚖𤎎打吝𡥵顛
22.0,245.0,53.0,245.0,53.0,502.0,22.0,502.0,包饒拱閉饒錢秩之