369.0,12.0,404.0,12.0,404.0,206.0,369.0,206.0,󰜋𠳒船㐌淹潭
372.0,252.0,403.0,252.0,403.0,511.0,372.0,511.0,埃迻更帖𠓀擒爫𥱬
337.0,14.0,368.0,14.0,368.0,206.0,337.0,206.0,定時納釆于歸
337.0,249.0,369.0,249.0,369.0,509.0,337.0,509.0,踐𦝄㐌固役之拯衝
304.0,13.0,335.0,13.0,335.0,203.0,304.0,203.0,󰜋𠳒𢚁貝終公
305.0,248.0,335.0,248.0,335.0,510.0,305.0,510.0,乞詞暫領王王𧗱茹
271.0,10.0,302.0,10.0,302.0,208.0,271.0,208.0,傷情𡥵𥘷吒𫅷
273.0,249.0,303.0,249.0,303.0,510.0,273.0,510.0,𥆾娘翁㐌𧖱沙𦛌油
236.0,14.0,268.0,14.0,268.0,207.0,236.0,207.0,餒𡥵仍約𧗱𡢐
240.0,250.0,269.0,250.0,269.0,511.0,240.0,511.0,𢭂絲沛侶招梂當尼
203.0,15.0,235.0,15.0,235.0,207.0,203.0,207.0,𡗶爫之極閉𡗶
206.0,249.0,238.0,249.0,238.0,511.0,206.0,511.0,尼埃誣托朱𠊛合散
172.0,13.0,202.0,13.0,202.0,209.0,172.0,209.0,斧斤包管身殘
174.0,252.0,204.0,252.0,204.0,511.0,174.0,511.0,女苔墮𥘷強寃托𫅷
139.0,10.0,169.0,10.0,169.0,208.0,139.0,208.0,󰜋𠳒𡢐𠓀拱󰑼
142.0,247.0,171.0,247.0,171.0,512.0,142.0,512.0,催時󰘚屈𫽄他𢚸𤴬
109.0,15.0,138.0,15.0,138.0,207.0,109.0,207.0,蹺𠳒如沚𣳔珠
107.0,249.0,140.0,249.0,140.0,508.0,107.0,508.0,料命翁㐌招頭墙𪿙
74.0,14.0,104.0,14.0,104.0,208.0,74.0,208.0,倍傍几𡨹𠊛𩲡
75.0,247.0,106.0,247.0,106.0,511.0,75.0,511.0,𡮈𫰅娘吏尋𠳒𡅳干
40.0,16.0,72.0,16.0,72.0,206.0,40.0,206.0,尾之󰜋󰌵紅顔
43.0,246.0,74.0,246.0,74.0,512.0,43.0,512.0,𩅘絲渚𡭧填恩生成
9.0,16.0,38.0,16.0,38.0,205.0,9.0,205.0,𤼸書㐌𢢆娘縈
9.0,249.0,39.0,249.0,39.0,511.0,9.0,511.0,吏輸妸李半命能牢