388.0,14.0,419.0,14.0,419.0,211.0,388.0,211.0,𠸦朱仍𠰘容賎
392.0,257.0,426.0,257.0,426.0,530.0,392.0,530.0,𧊉蜂吏達仍𠳒怒箕
355.0,18.0,386.0,18.0,386.0,214.0,355.0,214.0,妾油䏾拯咍推
359.0,256.0,391.0,256.0,391.0,529.0,359.0,529.0,㐌洳䏾𢪀吏碑𠰘唭
324.0,15.0,353.0,15.0,353.0,209.0,324.0,209.0,𧡊𠳒統請如制
325.0,256.0,358.0,256.0,358.0,527.0,325.0,527.0,順𠳒払拱呐蒲扡扽
288.0,16.0,321.0,16.0,321.0,212.0,288.0,212.0,仍󰑼唭粉𠹳𣘈
292.0,259.0,324.0,259.0,324.0,531.0,292.0,531.0,畑𣌉炵䏾𦝄𧷺聘𦠘
254.0,13.0,286.0,13.0,286.0,215.0,254.0,215.0,𡽫圭蓴馘𤊰味
259.0,258.0,291.0,258.0,291.0,529.0,259.0,529.0,汫鐄㐌𢮖󰜋𠄽𦲿梧
223.0,14.0,253.0,14.0,253.0,215.0,223.0,215.0,鄭念𢖵景江湖
224.0,257.0,257.0,257.0,257.0,529.0,224.0,529.0,󰜋念関塞󰋇務󰊄𦝄
190.0,13.0,222.0,13.0,222.0,216.0,190.0,216.0,情𥢆渚敢𠯇𪘵
192.0,258.0,223.0,258.0,223.0,527.0,192.0,527.0,小姐𠓀㐌料澄啂戈
158.0,16.0,188.0,16.0,188.0,212.0,158.0,212.0,隔𢆥𩄲萡賒賒
160.0,256.0,191.0,256.0,191.0,531.0,160.0,531.0,臨淄拱沛併麻晨昏
127.0,14.0,156.0,14.0,156.0,216.0,127.0,216.0,特𠳒如𨷑𡬷𣘈
127.0,258.0,159.0,258.0,159.0,530.0,127.0,530.0,𨀒勾𥊢𨇒渃𡽫圭𠊛
93.0,14.0,125.0,14.0,125.0,217.0,93.0,217.0,龍玲底渃印𡗶
93.0,259.0,126.0,259.0,126.0,531.0,93.0,531.0,城磋𤌋碧𡽫披䏾鐄
59.0,16.0,92.0,16.0,92.0,215.0,59.0,215.0,榑勾皮𢶢𨤮𨱽
61.0,259.0,91.0,259.0,91.0,531.0,61.0,531.0,車香娘㐌順塘󰟽寧
27.0,16.0,57.0,16.0,57.0,220.0,27.0,220.0,䜹茹萱歇每情
26.0,262.0,59.0,262.0,59.0,530.0,26.0,530.0,浽払於萡浽命𠹾顛