382.0,25.0,410.0,25.0,410.0,206.0,382.0,206.0,因爫牢典世尼
382.0,247.0,412.0,247.0,412.0,511.0,382.0,511.0,催催些㐌默𢬣埃耒
350.0,21.0,379.0,21.0,379.0,210.0,350.0,210.0,𢜝悁敢𠼯𦋦𠳒
349.0,247.0,381.0,247.0,381.0,514.0,349.0,514.0,坤垠湥玉湥洡㳶沙
315.0,20.0,346.0,20.0,346.0,207.0,315.0,207.0,小姐𬂙󰘚𠳨查
315.0,248.0,346.0,248.0,346.0,507.0,315.0,507.0,買𧗱固役之麻動容
282.0,19.0,313.0,19.0,313.0,205.0,282.0,205.0,生浪孝服皮衝
281.0,248.0,313.0,248.0,313.0,515.0,281.0,515.0,推𢚸陟𡵆𤴬𢚸終天
252.0,24.0,281.0,24.0,281.0,208.0,252.0,208.0,𠸦浪孝死㐌𢧚
248.0,249.0,279.0,249.0,279.0,512.0,248.0,512.0,洗塵𠼦󱋓解煩𣎀秋
219.0,19.0,250.0,19.0,250.0,209.0,219.0,209.0,𡞕𫯳󱋓酢󱋓酬
216.0,249.0,247.0,249.0,247.0,508.0,216.0,508.0,扒娘𨅸直持壼𠄩尼
186.0,16.0,214.0,16.0,214.0,208.0,186.0,208.0,扒寬扒日典𠳒
183.0,248.0,214.0,248.0,214.0,510.0,183.0,510.0,扒跪尽󰘚扒𨑮尽𢬣
152.0,17.0,184.0,17.0,184.0,209.0,152.0,209.0,生強如𤵺如𬏝
151.0,247.0,181.0,247.0,181.0,511.0,151.0,511.0,湥𨱽湥𥐆󱋓苔󱋓潙
119.0,18.0,150.0,18.0,150.0,207.0,119.0,207.0,𢘩𠫾秩呐秩唭
117.0,247.0,150.0,247.0,150.0,512.0,117.0,512.0,告醝払㐌淡排𤎜𦋦
87.0,15.0,115.0,15.0,115.0,207.0,87.0,207.0,小姐倍𠯦昆花
86.0,247.0,115.0,247.0,115.0,508.0,86.0,508.0,𡅳払𫽄𣴓時些固扽
54.0,17.0,84.0,17.0,84.0,208.0,54.0,208.0,生強󰞺𦛌散魂
56.0,248.0,85.0,248.0,85.0,504.0,56.0,504.0,󱋓𠶆沛唅蒲几燥𣦍
21.0,13.0,51.0,13.0,51.0,205.0,21.0,205.0,小姐唭呐醒醝
19.0,248.0,52.0,248.0,52.0,511.0,19.0,511.0,渚衝局𨢇吏排路制