358.0,7.0,389.0,7.0,389.0,195.0,358.0,195.0,𤾓𢆥𥪞揆𠊛些
362.0,239.0,393.0,239.0,393.0,504.0,362.0,504.0,𡦂才𡦂命窖󰑼恄饒
323.0,7.0,356.0,7.0,356.0,197.0,323.0,197.0,𣦆戈没局𣷭橷
328.0,241.0,358.0,241.0,358.0,501.0,328.0,501.0,仍調𬖉𧡊㐌𤴬疸𢚸
293.0,6.0,321.0,6.0,321.0,196.0,293.0,196.0,𨔍之彼嗇斯豊
296.0,242.0,326.0,242.0,326.0,498.0,296.0,498.0,𡗶撑涓貝𦟐紅打㭴
261.0,5.0,291.0,5.0,291.0,195.0,261.0,195.0,稿𦹳吝󰇾𠓀畑
262.0,242.0,292.0,242.0,292.0,504.0,262.0,504.0,風情固錄群傳史撑
228.0,7.0,257.0,7.0,257.0,200.0,228.0,200.0,浪𢆥󰞸靖朝明
228.0,240.0,259.0,240.0,259.0,504.0,228.0,504.0,𦊚方𪹚𣼽𠄩京凭鐄
194.0,8.0,224.0,8.0,224.0,188.0,194.0,188.0,固茹員外户王
196.0,238.0,226.0,238.0,226.0,502.0,196.0,502.0,家資擬拱常常堛中
163.0,8.0,193.0,8.0,193.0,197.0,163.0,197.0,没𤳆𡥵次卒𢚸
165.0,241.0,192.0,241.0,192.0,505.0,165.0,505.0,王󰞹󰑼𡦂綏𣳔儒家
128.0,7.0,161.0,7.0,161.0,196.0,128.0,196.0,頭𢚸𠄩妸素娥
131.0,240.0,160.0,240.0,160.0,504.0,131.0,504.0,翠翹󰑼姉㛪󰑼翠雲
97.0,5.0,127.0,5.0,127.0,196.0,97.0,196.0,枚骨格雪精神
98.0,240.0,130.0,240.0,130.0,508.0,98.0,508.0,没𠊛没𨤔𨑮分院𨑮
63.0,5.0,95.0,5.0,95.0,197.0,63.0,197.0,雲󰏙莊重恪潙
68.0,240.0,96.0,240.0,96.0,507.0,68.0,507.0,囷𦝄苔惮󰞺𧍋𦬑囊
32.0,6.0,61.0,6.0,61.0,198.0,32.0,198.0,花唭玉説端莊
33.0,239.0,65.0,239.0,65.0,504.0,33.0,504.0,𩄲輸渃𩯀雪讓牟䏧
0.0,6.0,30.0,6.0,30.0,196.0,0.0,196.0,翹強色稍漫𣻕
1.0,241.0,32.0,241.0,32.0,505.0,1.0,505.0,搊皮才色吏󰑼分欣