372.0,9.0,404.0,9.0,404.0,204.0,372.0,204.0,藝𥢆𢖵𠃣想𡗉
371.0,246.0,402.0,246.0,402.0,508.0,371.0,508.0,侵侵提裊藍橋吝郎
340.0,10.0,369.0,10.0,369.0,205.0,340.0,205.0,審嚴謹槓高墙
340.0,245.0,370.0,245.0,370.0,507.0,340.0,507.0,件𣳔𦲿𧺀𢴑塘𫚳撑
307.0,9.0,338.0,9.0,338.0,206.0,307.0,206.0,羅䜹絲柳葻萌
304.0,243.0,339.0,243.0,339.0,506.0,304.0,506.0,𡥵鶯𭓇呐𨕭梗𠸍𠶣
274.0,7.0,305.0,7.0,305.0,200.0,274.0,200.0,󰋇吝󰘇㨂杄󰟇
274.0,246.0,303.0,246.0,303.0,507.0,274.0,507.0,𣲆㙴花用别𠊛於兜
238.0,7.0,272.0,7.0,272.0,205.0,238.0,205.0,秦銀𨅸捽𣇞𥹰
239.0,245.0,271.0,245.0,271.0,506.0,239.0,506.0,𬧖觥秩𧡊𠃅𡢐固茹
209.0,7.0,237.0,7.0,237.0,204.0,209.0,204.0,󰑼茹𪣘越商家
208.0,243.0,237.0,243.0,237.0,504.0,208.0,504.0,󰟀空抵妬𠊛賒渚𧗱
175.0,8.0,206.0,8.0,206.0,200.0,175.0,200.0,𥙩調道𭓇𠳨税
173.0,244.0,205.0,244.0,205.0,504.0,173.0,504.0,襊彈扱册提𢹂連𨖅
142.0,10.0,172.0,10.0,172.0,202.0,142.0,202.0,固核固𥒥産床
143.0,246.0,172.0,246.0,172.0,503.0,143.0,503.0,固軒攬翠󰞺鐄渚派
110.0,8.0,141.0,8.0,141.0,202.0,110.0,202.0,𢜠忱准𧘇𫳘排
109.0,246.0,141.0,246.0,141.0,504.0,109.0,504.0,𠀧生歐罕綠𡗶之低
75.0,7.0,108.0,7.0,108.0,201.0,75.0,201.0,窻糊姅怯𫅩𩄲
76.0,243.0,107.0,243.0,107.0,502.0,76.0,502.0,墻東𥊘眜𣈜𣈜恒𬖉
44.0,8.0,74.0,8.0,74.0,196.0,44.0,196.0,𡬷𡬼銅鎖原風
41.0,243.0,73.0,243.0,73.0,501.0,41.0,501.0,絶𩂟芇𧡊䏾紅𠓨𦋦
9.0,9.0,42.0,9.0,42.0,201.0,9.0,201.0,忍自舘客鄰羅
8.0,244.0,39.0,244.0,39.0,501.0,8.0,501.0,旬𦝄瀋脱𫢩咜噡𠄩