371.0,9.0,404.0,9.0,404.0,209.0,371.0,209.0,爲埃垠頓󰊄東
371.0,254.0,405.0,254.0,405.0,519.0,371.0,519.0,舌𢚸欺於𤴬𢚸欺𠫾
339.0,9.0,370.0,9.0,370.0,210.0,339.0,210.0,重逢油和固欺
338.0,251.0,370.0,251.0,370.0,520.0,338.0,520.0,身尼催固群之麻蒙
306.0,11.0,336.0,11.0,336.0,205.0,306.0,205.0,㐌生𦋦𢼂龍冬
305.0,253.0,337.0,253.0,337.0,519.0,305.0,519.0,群芒𥙩刼𦟐紅特𫳵
273.0,9.0,304.0,9.0,304.0,207.0,273.0,207.0,𨕭案産固𡥵刀
271.0,252.0,304.0,252.0,304.0,521.0,271.0,521.0,𨁪擒娘㐌𪭯𠓨襖巾
239.0,10.0,271.0,10.0,271.0,211.0,239.0,211.0,防欺渃㐌典蹎
241.0,256.0,269.0,256.0,269.0,521.0,241.0,521.0,刀尼時料貝身𡢐尼
208.0,10.0,236.0,10.0,236.0,209.0,208.0,209.0,𣎀秋󰜋刻󰜋迡
209.0,253.0,240.0,253.0,240.0,522.0,209.0,522.0,冰傾如醒如醝󰜋𠇮
176.0,11.0,206.0,11.0,206.0,208.0,176.0,208.0,拯󰑼妸馬監生
176.0,256.0,207.0,256.0,207.0,523.0,176.0,523.0,刎󰑼󰜋𠀲風情㐌𪡵
142.0,13.0,173.0,13.0,173.0,210.0,142.0,210.0,戈制吏﨤囬顛
146.0,253.0,175.0,253.0,175.0,523.0,146.0,523.0,𪡵漨吏劍咹沔月花
108.0,9.0,140.0,9.0,140.0,211.0,108.0,211.0,楼撑固媒秀󰜏
109.0,252.0,143.0,252.0,143.0,522.0,109.0,522.0,𰐁制㐌𧿨𧗱𫅷歇綠
77.0,9.0,107.0,9.0,107.0,210.0,77.0,210.0,情期拯限麻年
78.0,254.0,107.0,254.0,107.0,521.0,78.0,521.0,𩈘鋸𦲾䔲堆邊󰜋坊
43.0,12.0,74.0,12.0,74.0,206.0,43.0,206.0,終𦝄𨷑󰜋嵬行
44.0,253.0,75.0,253.0,75.0,522.0,44.0,522.0,觥𢆥奔粉半香㐌例
13.0,12.0,42.0,12.0,42.0,206.0,13.0,206.0,𨄹尋泣𢄂時圭
12.0,254.0,42.0,254.0,42.0,522.0,12.0,522.0,者名侯下𠰺芸咹制