338.0,10.0,370.0,10.0,370.0,230.0,338.0,230.0,𫀅𦎛冲闭饒𣈜
337.0,279.0,371.0,279.0,371.0,565.0,337.0,565.0,身昆庄矫默𢬣姂妑
300.0,11.0,332.0,11.0,332.0,231.0,300.0,231.0,欺󰡲補永冲茹
298.0,280.0,334.0,280.0,334.0,570.0,298.0,570.0,欺𠓨推孕欺𦋦倍傍
264.0,12.0,295.0,12.0,295.0,228.0,264.0,228.0,欺咹欺呐吕郎
264.0,281.0,295.0,281.0,295.0,570.0,264.0,570.0,欺柴欺伵𫀅常𫀅輕
226.0,11.0,258.0,11.0,258.0,229.0,226.0,229.0,恪牟几貴𠊛清
227.0,280.0,261.0,280.0,261.0,569.0,227.0,569.0,𥋴𦋦朱技如形昆奔
190.0,9.0,221.0,9.0,221.0,227.0,190.0,227.0,催昆群呐之昆
191.0,279.0,224.0,279.0,224.0,571.0,191.0,571.0,𤯩𢘾坦客托坉圭㝵
154.0,15.0,185.0,15.0,185.0,224.0,154.0,224.0,王󰜏𦖑闭饒𠳒
156.0,281.0,187.0,281.0,187.0,568.0,156.0,568.0,㗂寃㐌悶𫼢𡗶呌𨖲
120.0,12.0,150.0,12.0,150.0,228.0,120.0,228.0,𠄽勾渚𣴓𡃹勸
117.0,283.0,150.0,283.0,150.0,570.0,117.0,570.0,𠃅外𢪀㐌𠽖連󰖁車
84.0,11.0,114.0,11.0,114.0,225.0,84.0,225.0,㤕昆𢚸󰠱皮皮
83.0,282.0,115.0,282.0,115.0,569.0,83.0,569.0,畧鞍𪪳吏奏呢𥰊高
46.0,12.0,77.0,12.0,77.0,224.0,46.0,224.0,㤕身柳要䜹桃
47.0,282.0,77.0,282.0,77.0,569.0,47.0,569.0,窒茄旦綏鎮𠓨的碎
9.0,12.0,40.0,12.0,40.0,224.0,9.0,224.0,自低𧣳𣷭边𡗶
9.0,281.0,41.0,281.0,41.0,569.0,9.0,569.0,𬋟湄退退圭𠊛𠬠身