331.0,9.0,362.0,9.0,362.0,221.0,331.0,221.0,𢚸群𠳚盎𫡮鐄
335.0,275.0,367.0,275.0,367.0,560.0,335.0,560.0,絆外嗔唉𠹾払歆󰅒
294.0,10.0,323.0,10.0,323.0,221.0,294.0,221.0,浪牢呐𨔍𨓡台
300.0,276.0,333.0,276.0,333.0,558.0,300.0,558.0,梗箕庄沛桧尼麻𦋦
257.0,11.0,289.0,11.0,289.0,218.0,257.0,218.0,娘強悴突秋波
263.0,276.0,295.0,276.0,295.0,561.0,263.0,561.0,断膓録意󰇾麻盆星
223.0,8.0,254.0,8.0,254.0,223.0,223.0,223.0,妾如花㐌离梗
226.0,276.0,260.0,276.0,260.0,561.0,226.0,561.0,払如昆𧊉吕鑅麻󱉁
187.0,8.0,219.0,8.0,219.0,220.0,187.0,220.0,主春仃㐌󰡏尼
189.0,278.0,224.0,278.0,224.0,560.0,189.0,560.0,𥐆𣈜催渚𨱽𠳒爫之
152.0,8.0,182.0,8.0,182.0,221.0,152.0,221.0,生浪自課相知
155.0,274.0,187.0,274.0,187.0,564.0,155.0,564.0,𬌓𥢆𥢆仍𥘀爲渃𡽫
116.0,9.0,148.0,9.0,148.0,222.0,116.0,222.0,𤾓𢆥併局𣃲𧷺
120.0,277.0,152.0,277.0,152.0,560.0,120.0,560.0,沛𢲛朱旦𦰟源㴖滝
84.0,9.0,114.0,9.0,114.0,221.0,84.0,221.0,娘浪𬮙隊恩𢚸
85.0,274.0,117.0,274.0,117.0,562.0,85.0,562.0,㤕𠲖边娶边從易󰠳
45.0,12.0,76.0,12.0,76.0,222.0,45.0,222.0,平康拫那闭𥹰
47.0,277.0,81.0,277.0,81.0,561.0,47.0,561.0,腰花腰特𠬠牟點粧
9.0,9.0,39.0,9.0,39.0,223.0,9.0,223.0,耒𫥨𣳮粉𢭂香
12.0,277.0,42.0,277.0,42.0,560.0,12.0,560.0,𢚸箕𪧚特常常買庄