334.0,9.0,366.0,9.0,366.0,218.0,334.0,218.0,践迻𠬠󱋓𬮦河
338.0,276.0,373.0,276.0,373.0,561.0,338.0,561.0,春亭脱㐌遁𦋦臯亭
299.0,9.0,330.0,9.0,330.0,213.0,299.0,213.0,秦滝𠬠带撑撑
302.0,278.0,331.0,278.0,331.0,556.0,302.0,556.0,雷催坡柳󰋇梗楊䦕
265.0,8.0,296.0,8.0,296.0,217.0,265.0,217.0,扲𢬣𨱽咀𥐆嘆
268.0,276.0,298.0,276.0,298.0,558.0,268.0,558.0,支配𪟽戰合散喭𠳒
229.0,9.0,261.0,9.0,261.0,217.0,229.0,217.0,娘浪𡽫渃賒𣾺
232.0,275.0,261.0,275.0,261.0,560.0,232.0,560.0,牢朱冲蔭時外買淹
195.0,8.0,226.0,8.0,226.0,217.0,195.0,217.0,易𤍶𦀫𧺁侖金
198.0,275.0,226.0,275.0,226.0,561.0,198.0,561.0,爫之氷󰘚扒𪀄苦𢚸
160.0,9.0,189.0,9.0,189.0,220.0,160.0,220.0,堆些拙󰒂刀蓬
161.0,277.0,192.0,277.0,192.0,556.0,161.0,556.0,###
125.0,9.0,154.0,9.0,154.0,219.0,125.0,219.0,油欺湄𫗄不平
125.0,274.0,155.0,274.0,155.0,558.0,125.0,558.0,𢀲停威𢀲碎停分碎
89.0,9.0,120.0,9.0,120.0,219.0,89.0,219.0,欣調𧿫虐𧿫吹
91.0,274.0,119.0,274.0,119.0,557.0,91.0,557.0,吏恾仍𭛣󰟴𡗶旦𨍦
51.0,9.0,84.0,9.0,84.0,220.0,51.0,220.0,傷饒嗔𠯆吝饒
51.0,271.0,83.0,271.0,83.0,556.0,51.0,556.0,𢆥迡拱庄𠫾󰠳麻迡
13.0,6.0,48.0,6.0,48.0,218.0,13.0,218.0,󱋓迻𠯆𩛷吝󰅒
17.0,274.0,47.0,274.0,47.0,556.0,17.0,556.0,󱋓𢜠嗔待店尼𫷜𨍦