341.0,9.0,373.0,9.0,373.0,225.0,341.0,225.0,浽娘灾𮥷㐌苔
341.0,280.0,375.0,280.0,375.0,573.0,341.0,573.0,浽払金重闭迡買傷
301.0,10.0,335.0,10.0,335.0,225.0,301.0,225.0,自𣈜𬮙埮持䘮
304.0,279.0,338.0,279.0,338.0,572.0,304.0,572.0,姅𢆥扵坦遼楊吏茹
267.0,10.0,298.0,10.0,298.0,226.0,267.0,226.0,倍𨖅園翠𢲛󰑼
268.0,278.0,300.0,278.0,300.0,569.0,268.0,569.0,𥚆風景󱀄󰅒它恪初
233.0,8.0,264.0,8.0,264.0,225.0,233.0,225.0,苔園𦹵木𦰤䜹
234.0,279.0,264.0,279.0,264.0,572.0,234.0,572.0,窻𦝄瓊𡎝壁湄也淶
197.0,8.0,227.0,8.0,227.0,226.0,197.0,226.0,畧娄芇体䏾㝵
198.0,280.0,229.0,280.0,229.0,573.0,198.0,573.0,花桃𢆥外群唭𫗄東
163.0,9.0,194.0,9.0,194.0,223.0,163.0,223.0,士󰡴燕冷󰜑空
162.0,279.0,194.0,279.0,194.0,573.0,162.0,573.0,𦹵𬅉󰘚坦𦼔封𨁪𩌂
124.0,9.0,155.0,9.0,155.0,226.0,124.0,226.0,𡳳墻核㭲木苔
123.0,282.0,156.0,282.0,156.0,572.0,123.0,572.0,𠫾󰡲尼仍𫮇尼𢆥㧅
89.0,8.0,120.0,8.0,120.0,224.0,89.0,224.0,冬觥冷眼如詞
89.0,278.0,120.0,278.0,120.0,573.0,89.0,573.0,浽念心事悲除𠳨埃
49.0,8.0,85.0,8.0,85.0,226.0,49.0,226.0,郎盈󰡏几𨖅󱉁
49.0,278.0,85.0,278.0,85.0,569.0,49.0,569.0,燐󰑼仕𠳨𠬠𠄩事情
15.0,8.0,46.0,8.0,46.0,224.0,15.0,224.0,𠳨翁翁默訟庭
14.0,278.0,48.0,278.0,48.0,568.0,14.0,568.0,𠳨娘娘㐌半𠇮贖吒