346.0,9.0,380.0,9.0,380.0,231.0,346.0,231.0,枚𡢐油固包徐
350.0,284.0,381.0,284.0,381.0,573.0,350.0,573.0,焠󰌎香意攄𦀊泛尼
310.0,10.0,344.0,10.0,344.0,232.0,310.0,232.0,𬂙𦋦𦰟𦹵𦲿核
314.0,283.0,347.0,283.0,347.0,575.0,314.0,575.0,体囂囂愈時台姉𧗱
277.0,10.0,307.0,10.0,307.0,232.0,277.0,232.0,魂群芒𥘀𠳒誓
278.0,286.0,310.0,286.0,310.0,573.0,278.0,573.0,󰞺身蒲柳群𡹠竹枚
239.0,9.0,272.0,9.0,272.0,229.0,239.0,229.0,夜臺隔󰘚屈𠳒
243.0,287.0,275.0,287.0,275.0,578.0,243.0,578.0,洒嗔湥渃朱𠊛托寃
205.0,9.0,235.0,9.0,235.0,231.0,205.0,231.0,悲𣇞簪技𦎛散
207.0,288.0,237.0,288.0,237.0,575.0,207.0,575.0,計爫牢掣𬮙萬愛恩
166.0,9.0,198.0,9.0,198.0,230.0,166.0,230.0,𤾓𠦳𠳚𥛉情君
171.0,286.0,203.0,286.0,203.0,577.0,171.0,577.0,󰖥絲𥐆尾固銀意催
128.0,9.0,163.0,9.0,163.0,230.0,128.0,230.0,分牢分泊如𪿙
132.0,285.0,164.0,285.0,164.0,577.0,132.0,577.0,㐌停渃沚䕯㵢𣳮羕
91.0,10.0,125.0,10.0,125.0,230.0,91.0,230.0,喂金郎唉金郎
93.0,286.0,126.0,286.0,126.0,575.0,93.0,575.0,催催妾㐌負払自尼
52.0,9.0,87.0,9.0,87.0,232.0,52.0,232.0,𣴓𠳒魂𠞹𧖱醝
57.0,284.0,90.0,284.0,90.0,578.0,57.0,578.0,𠬠唏啷󰔺堆𢬣冷銅
15.0,9.0,50.0,9.0,50.0,228.0,15.0,228.0,椿萱秩醒聀燶
19.0,284.0,51.0,284.0,51.0,577.0,19.0,577.0,𠬠茹匝納几沖㝵外