348.0,10.0,384.0,10.0,384.0,228.0,348.0,228.0,𢜠󰠐准意𡦂排
350.0,283.0,385.0,283.0,385.0,573.0,350.0,573.0,𠀧生欧罕綠𡗶之低
307.0,9.0,344.0,9.0,344.0,224.0,307.0,224.0,窻糊姅怯𦑃𫡮
311.0,279.0,347.0,279.0,347.0,571.0,311.0,571.0,墻東𥊘眜𣈜𣈜恒𬂙
273.0,11.0,306.0,11.0,306.0,225.0,273.0,225.0,𡬷𡬼銅鎖源封
276.0,280.0,310.0,280.0,310.0,572.0,276.0,572.0,絶𩂟芇体䏾紅𠓨𦋦
237.0,12.0,270.0,12.0,270.0,225.0,237.0,225.0,忍自舘阁隣󰑼
242.0,281.0,273.0,281.0,273.0,572.0,242.0,572.0,旬𦝄審卒𫢩它𧷺𠄩
202.0,9.0,235.0,9.0,235.0,224.0,202.0,224.0,隔墻沛𣇜淹𡗶
204.0,280.0,239.0,280.0,239.0,571.0,204.0,571.0,󰡎桃羕固䏾㝵切他
166.0,9.0,197.0,9.0,197.0,225.0,166.0,225.0,𢭾琴促襖倍𦋦
167.0,283.0,202.0,283.0,202.0,572.0,167.0,572.0,香群𠯪𠶗㝵它永醒
130.0,8.0,163.0,8.0,163.0,226.0,130.0,226.0,吝蹺墝錦𨄹觥
129.0,280.0,165.0,280.0,165.0,571.0,129.0,571.0,𨕭桃落体𠬠挭金釵
92.0,10.0,126.0,10.0,126.0,228.0,92.0,228.0,𫼰𢬣𢭲𥙩𧗱茹
94.0,282.0,128.0,282.0,128.0,570.0,94.0,570.0,尼𥪝闺阁󰠲麻旦低
57.0,11.0,89.0,11.0,89.0,226.0,57.0,226.0,𡄎歐㝵意宝尼
58.0,279.0,92.0,279.0,92.0,568.0,58.0,568.0,庄緣渚易𠓨𢬣埃扲
18.0,10.0,54.0,10.0,54.0,226.0,18.0,226.0,連𢬣𥋴𥊘𠴠𢆥
19.0,281.0,56.0,281.0,56.0,567.0,19.0,567.0,唉群倘倘香󰠐渚派