338.0,11.0,369.0,11.0,369.0,222.0,338.0,222.0,信茹𣈜𠬠󰠐信
342.0,283.0,374.0,283.0,374.0,569.0,342.0,569.0,慢情葛藟𤁕情糟糠
300.0,11.0,332.0,11.0,332.0,223.0,300.0,223.0,𢪀𦋦实拱𢧚󰟯
305.0,284.0,338.0,284.0,338.0,568.0,305.0,568.0,沁唏埃几𪧚床朱些
267.0,12.0,296.0,12.0,296.0,223.0,267.0,223.0,濫𦖑几𢀲冲茹
271.0,282.0,301.0,282.0,301.0,567.0,271.0,567.0,扵𠓨囷法呐𫥨䋦𦀾
230.0,11.0,259.0,11.0,259.0,221.0,230.0,221.0,𠲖咍仍胣非常
234.0,284.0,266.0,284.0,266.0,568.0,234.0,568.0,易𠻀󰟱波坤量䏾滝
195.0,11.0,226.0,11.0,226.0,220.0,195.0,220.0,麻些卒𠬠𢆥𣳔
200.0,284.0,228.0,284.0,228.0,568.0,200.0,568.0,世芇拱庄酉戎特芇
159.0,10.0,190.0,10.0,190.0,221.0,159.0,221.0,悲除渚𤏣消耗
162.0,280.0,193.0,280.0,193.0,566.0,162.0,566.0,或󰑼冲󰡏爫牢庄󰑼
124.0,8.0,154.0,8.0,154.0,219.0,124.0,219.0,嗔払料急吏茹
127.0,281.0,156.0,281.0,156.0,564.0,127.0,564.0,畧󰑼𢢲意娄些別情
89.0,9.0,119.0,9.0,119.0,221.0,89.0,221.0,店𣈜𪧚墨𭔰觥
91.0,282.0,119.0,282.0,119.0,564.0,91.0,564.0,𣈙吝埋呂如形渚通
54.0,11.0,84.0,11.0,84.0,222.0,54.0,222.0,𦖑𠳒勸𠴗從容
54.0,279.0,84.0,279.0,84.0,564.0,54.0,564.0,定𢚸生買决情回裝
14.0,10.0,47.0,10.0,47.0,219.0,14.0,219.0,𠓇𦋦𠳚旦椿堂
20.0,278.0,48.0,278.0,48.0,562.0,20.0,562.0,束𪪳拱倍󰖢払宁家