341.0,12.0,374.0,12.0,374.0,228.0,341.0,228.0,仍󰑼𠲖邑用孕
343.0,280.0,377.0,280.0,377.0,570.0,343.0,570.0,捽𦀊𢜝女動棱吏催
303.0,10.0,338.0,10.0,338.0,225.0,303.0,225.0,󰡏欺盃傳摸唭
306.0,280.0,338.0,280.0,338.0,562.0,306.0,562.0,小姐吏󰇥仍調󰠳󰠳
267.0,11.0,301.0,11.0,301.0,226.0,267.0,226.0,浪冲玉𥒥鐄鍮
270.0,282.0,303.0,282.0,303.0,568.0,270.0,568.0,𨑮分些㐌信饒奇𨑮
231.0,10.0,265.0,10.0,265.0,224.0,231.0,224.0,𠸦朱仍𠰘容𨱽
233.0,284.0,267.0,284.0,267.0,571.0,233.0,571.0,𧊉蜂吏達仍調󰣁箕
196.0,9.0,229.0,9.0,229.0,228.0,196.0,228.0,妾油䏾庄咍推
199.0,281.0,231.0,281.0,231.0,572.0,199.0,572.0,㐌涂䏾󰆹吏碑𠰘唭
159.0,11.0,194.0,11.0,194.0,227.0,159.0,227.0,体𠳒統請如󱉁
161.0,283.0,197.0,283.0,197.0,569.0,161.0,569.0,順𠳒払拱呐吹扡扽
124.0,12.0,157.0,12.0,157.0,229.0,124.0,229.0,仍󰑼唭粉𠹳𣘈
125.0,282.0,158.0,282.0,158.0,569.0,125.0,569.0,畑𣅘鍾䏾𦝄𧷺聘𦠘
86.0,9.0,120.0,9.0,120.0,230.0,86.0,230.0,𡽫春蓴䱛变味
89.0,284.0,121.0,284.0,121.0,570.0,89.0,570.0,汫鐄㐌扔𠬠𠄽信梧
49.0,10.0,84.0,10.0,84.0,230.0,49.0,230.0,鄭念𠯆景江湖
51.0,283.0,85.0,283.0,85.0,568.0,51.0,568.0,𠬠念䦕塞󰋇務𫗄𦝄
14.0,9.0,43.0,9.0,43.0,227.0,14.0,227.0,情貞渚敢𠯇𪘵
16.0,286.0,47.0,286.0,47.0,568.0,16.0,568.0,小姐畧㐌料澄乳戈