351.0,13.0,382.0,13.0,382.0,225.0,351.0,225.0,媒𫅷或固調之
352.0,282.0,386.0,282.0,386.0,571.0,352.0,571.0,料功秩𠬠𣇜跪麻傕
314.0,15.0,345.0,15.0,345.0,222.0,314.0,222.0,旦低塘詫賒吹
318.0,281.0,348.0,281.0,348.0,572.0,318.0,572.0,麻些不動女㝵生𪟽
280.0,13.0,308.0,13.0,308.0,225.0,280.0,225.0,惜台𠬠朶茶縻
282.0,282.0,315.0,282.0,315.0,570.0,282.0,570.0,昆蜂㐌𨸈塘𠫾𨇒𧗱
243.0,13.0,273.0,13.0,273.0,225.0,243.0,225.0,𠬠干湄𫗄󰠱尼
244.0,282.0,278.0,282.0,278.0,570.0,244.0,570.0,傷之旦玉惜之旦香
209.0,16.0,237.0,16.0,237.0,225.0,209.0,225.0,𠯪春𠬠聀𢠩恾
210.0,280.0,242.0,280.0,242.0,569.0,210.0,569.0,𤒘花底怒𠬠𡎢𡎢猪
174.0,15.0,203.0,15.0,203.0,224.0,174.0,224.0,湥貞尋謝𣻆湄
173.0,284.0,206.0,284.0,206.0,571.0,173.0,571.0,分𠇮浽客分除浽春
135.0,15.0,167.0,15.0,167.0,222.0,135.0,222.0,從之󰑼准灰腥
136.0,280.0,170.0,280.0,170.0,571.0,136.0,571.0,身𠦳鐄底污名𦟐紅
101.0,17.0,132.0,17.0,132.0,224.0,101.0,224.0,催群之女麻蒙
101.0,281.0,133.0,281.0,133.0,569.0,101.0,569.0,𠁀㝵催世󰑼衝𠬠𠁀
65.0,17.0,94.0,17.0,94.0,220.0,65.0,220.0,限綠悴分排排
65.0,281.0,96.0,281.0,96.0,568.0,65.0,568.0,扲刀娘㐌筭排捐生
25.0,14.0,56.0,14.0,56.0,224.0,25.0,224.0,𢪀𠫾𢪀吏𠬠𠇮
26.0,281.0,59.0,281.0,59.0,571.0,26.0,571.0,𠬠𠇮時渚𠄩情时牢