352.0,33.0,383.0,33.0,383.0,243.0,352.0,243.0,泊情浽㗂楼撑
353.0,299.0,386.0,299.0,386.0,582.0,353.0,582.0,𠬠𢬣墫別󰋇梗芙蓉
316.0,34.0,347.0,34.0,347.0,241.0,316.0,241.0,拖刀立産斫用
318.0,301.0,348.0,301.0,348.0,581.0,318.0,581.0,𨔍之𠬠骨𠬠童初󰅒
277.0,35.0,312.0,35.0,312.0,245.0,277.0,245.0,固𠀧𤾓两𢭂𢬣
281.0,299.0,313.0,299.0,313.0,582.0,281.0,582.0,空仍之固傳尼路箕
242.0,33.0,274.0,33.0,274.0,241.0,242.0,241.0,耒𦋦𠭤󰘚卽時
245.0,299.0,276.0,299.0,276.0,579.0,245.0,579.0,扒𠳒呌渚淶之麻𠁀
207.0,33.0,239.0,33.0,239.0,240.0,207.0,240.0,娘浪誓説󰠱𠳒
210.0,296.0,241.0,296.0,241.0,578.0,210.0,578.0,󰡏󰠳麻吏固㝵險溇
172.0,33.0,204.0,33.0,204.0,242.0,172.0,242.0,群登推畧𢪀娄
173.0,298.0,206.0,298.0,206.0,577.0,173.0,577.0,󰘚模㐌体於󰠳引𠓨
136.0,31.0,166.0,31.0,166.0,241.0,136.0,241.0,楚卿蓮㗂嘹哰
140.0,295.0,169.0,295.0,169.0,575.0,140.0,575.0,喥𦖑娘󰡏昆芇扵低
103.0,32.0,131.0,32.0,131.0,239.0,103.0,239.0,抛朱眷𫗄𫫵𦝄
105.0,297.0,136.0,297.0,136.0,577.0,105.0,577.0,唉𫀅固別󰘚尼󰑼埃
66.0,34.0,97.0,34.0,97.0,242.0,66.0,242.0,娘浪催󰡫時催
68.0,297.0,97.0,297.0,97.0,575.0,68.0,575.0,浪空時拱𪡔𠳒浪空
28.0,31.0,59.0,31.0,59.0,239.0,28.0,239.0,楚卿咶噒同同
30.0,298.0,63.0,298.0,63.0,575.0,30.0,575.0,𨀈𠓨皮立恃䧺𦋦𢬣