340.0,7.0,373.0,7.0,373.0,223.0,340.0,223.0,自昆流洛圭㝵
342.0,276.0,377.0,276.0,377.0,567.0,342.0,567.0,䕯㵢㳥撫祝𨑮𠄼𢆥
302.0,9.0,337.0,9.0,337.0,221.0,302.0,221.0,併浪滝渃㵧淋
307.0,279.0,339.0,279.0,339.0,565.0,307.0,565.0,刼尼埃吏群扲及低
266.0,7.0,300.0,7.0,300.0,222.0,266.0,222.0,𪪳󰜏𬂙󰘚𢭂𢬣
271.0,279.0,305.0,279.0,305.0,567.0,271.0,567.0,容光庄恪之𣈗𨀈𦋦
230.0,9.0,264.0,9.0,264.0,223.0,230.0,223.0,闭迡𤋵月油花
234.0,278.0,267.0,278.0,267.0,568.0,234.0,568.0,𨑮分春固𤷍𠀧𦊚分
195.0,8.0,226.0,8.0,226.0,221.0,195.0,221.0,浽𢜠𪪳𥙩之斤
199.0,278.0,231.0,278.0,231.0,568.0,199.0,568.0,𠳒散合傳賒𧵆少󰠲
159.0,10.0,193.0,10.0,193.0,223.0,159.0,223.0,𠄩㛪𠳨𫏾嘆𨍦
162.0,276.0,196.0,276.0,196.0,566.0,162.0,566.0,𨅸𬂙娘㐌阻愁爫鮮
122.0,13.0,156.0,13.0,156.0,221.0,122.0,221.0,𢮿僥𥛉𫏾𫢋臺
125.0,278.0,158.0,278.0,158.0,563.0,125.0,563.0,再生陳謝𢚸㝵慈悲
87.0,13.0,120.0,13.0,120.0,224.0,87.0,224.0,轎花𠽖󰡧卽時
89.0,281.0,121.0,281.0,121.0,560.0,89.0,560.0,王翁𠰺󰡧拱𧗱𠬠尼
48.0,11.0,83.0,11.0,83.0,227.0,48.0,227.0,娘浪𡮍分花涞
47.0,275.0,87.0,275.0,87.0,566.0,47.0,566.0,姅𠁀唸󰠵每味䔲𠹽
11.0,13.0,44.0,13.0,44.0,224.0,11.0,224.0,併浪󰘚渃蹎𩄲
15.0,280.0,45.0,280.0,45.0,562.0,15.0,562.0,𢚸芇群想固𣈙女空