337.0,8.0,372.0,8.0,372.0,217.0,337.0,217.0,娘自恩怨𫼢𢬗
342.0,276.0,374.0,276.0,374.0,554.0,342.0,554.0,殺寃󰟯㐌潙潙𮗓𢚸
301.0,10.0,335.0,10.0,335.0,215.0,301.0,215.0,謝恩𥛉畧徐公
304.0,275.0,338.0,275.0,338.0,554.0,304.0,554.0,拙身蒲柳芇蒙󰡏𣈙
266.0,11.0,298.0,11.0,298.0,217.0,266.0,217.0,濫洳𩆐𩂶𦋦𢬣
270.0,274.0,301.0,274.0,301.0,557.0,270.0,557.0,𡬷貞如拮梗苔覩𠫾
230.0,8.0,262.0,8.0,262.0,219.0,230.0,219.0,𪮻昌劄胣掣之
233.0,275.0,267.0,275.0,267.0,554.0,233.0,554.0,易󰝡肝腛填󰀩𡗶𫡮
196.0,9.0,226.0,9.0,226.0,219.0,196.0,219.0,徐浪国士㧅󰅒
197.0,272.0,229.0,272.0,229.0,556.0,197.0,556.0,𪮙㝵知己𠬠𣈜特庒
163.0,10.0,192.0,10.0,192.0,220.0,163.0,220.0,𮎦䧺㗂㐌哙浪
162.0,273.0,195.0,273.0,195.0,560.0,162.0,560.0,𡨌塘酉体不平麻他
125.0,12.0,157.0,12.0,157.0,222.0,125.0,222.0,况之𭛣拱𭛣茹
127.0,275.0,160.0,275.0,160.0,557.0,127.0,557.0,路󰑼深謝買󰑼知恩
88.0,13.0,122.0,13.0,122.0,223.0,88.0,223.0,㤕娘群𡮍双親
92.0,274.0,125.0,274.0,125.0,553.0,92.0,553.0,悲󰅒几越㝵秦隔賒
49.0,10.0,85.0,10.0,85.0,224.0,49.0,224.0,牢朱𬮙埮𠬠茹
53.0,273.0,87.0,273.0,87.0,557.0,53.0,557.0,朱㝵体󰘚󰑼些甘𢚸
14.0,13.0,44.0,13.0,44.0,225.0,14.0,225.0,倍傳所席軍中
17.0,275.0,47.0,275.0,47.0,557.0,17.0,557.0,𬮙兵𠦳將会同洗寃