336.0,8.0,370.0,8.0,370.0,223.0,336.0,223.0,誓𢚸渚燥𡃹鐄
339.0,275.0,373.0,275.0,373.0,557.0,339.0,557.0,𰦫誓催㐌負傍貝花
299.0,13.0,332.0,13.0,332.0,220.0,299.0,220.0,𡗶遼𡽫渃包賒
302.0,275.0,335.0,275.0,335.0,555.0,302.0,555.0,𢪀󰠲𢩽󰘂支茹自碎
265.0,12.0,295.0,12.0,295.0,225.0,265.0,225.0,别包綠女誓倍
266.0,277.0,297.0,277.0,297.0,555.0,266.0,555.0,劫尼催󰡫時催群之
232.0,14.0,263.0,14.0,263.0,223.0,232.0,223.0,再生渚𢴑香誓
232.0,277.0,263.0,277.0,263.0,557.0,232.0,557.0,爫身𬌥馭填󰒂竹梅
196.0,11.0,229.0,11.0,229.0,220.0,196.0,220.0,女情渚者朱埃
196.0,276.0,228.0,276.0,228.0,558.0,196.0,558.0,塊情芒𫴋泉臺渚散
160.0,10.0,194.0,10.0,194.0,223.0,160.0,223.0,念貞貞仍盘恒
163.0,276.0,192.0,276.0,192.0,555.0,163.0,555.0,油炵𤽸𥐨湥阕瀋巾
125.0,12.0,157.0,12.0,157.0,226.0,125.0,226.0,翠雲秩醒聀春
128.0,277.0,162.0,277.0,162.0,554.0,128.0,554.0,󰡎畑𥊘旦慇懃𠳨𠻃
89.0,13.0,122.0,13.0,122.0,223.0,89.0,223.0,柯𡗶橷𣷭多端
90.0,278.0,123.0,278.0,123.0,554.0,90.0,554.0,𠬠茹底姉𥢆寃𠬠𠇮
53.0,14.0,86.0,14.0,86.0,221.0,53.0,221.0,𠬠𠇮𡎢忍更殘
54.0,278.0,86.0,278.0,86.0,554.0,54.0,554.0,浽貞群默買情之低
17.0,12.0,47.0,12.0,47.0,221.0,17.0,221.0,浪𢚸登忖式苔
17.0,277.0,48.0,277.0,48.0,554.0,17.0,554.0,昆絲群王䋦尼渚衝