348.0,13.0,384.0,13.0,384.0,228.0,348.0,228.0,𬟥湯卒𠬠𣈜輸
352.0,287.0,386.0,287.0,386.0,571.0,352.0,571.0,聀迷𦖑㐌油油皮散
310.0,15.0,343.0,15.0,343.0,226.0,310.0,226.0,秀󰜏直産边幔
314.0,287.0,346.0,287.0,346.0,573.0,314.0,573.0,招𠳒𪢖𡁾綿蛮𫽻寅
274.0,15.0,306.0,15.0,306.0,227.0,274.0,227.0,𠬠𠊛易固󰋇身
277.0,285.0,312.0,285.0,312.0,570.0,277.0,570.0,花春登蘂𣈜春群𨱽
236.0,13.0,270.0,13.0,270.0,228.0,236.0,228.0,拱󰑼吕𠬠啉𠄩
240.0,287.0,274.0,287.0,274.0,570.0,240.0,570.0,𥒥鐄牢女押奈湄𫡮
202.0,14.0,234.0,14.0,234.0,230.0,202.0,230.0,吕蹎卒㐌𠓨低
202.0,287.0,236.0,287.0,236.0,575.0,202.0,575.0,鎖󰟀春底行𣈜桃𡽫
164.0,13.0,197.0,13.0,197.0,228.0,164.0,228.0,㝵群時𧵑唉群
167.0,287.0,200.0,287.0,200.0,574.0,167.0,574.0,尋尼稱底󰑼昆丐茹
128.0,14.0,160.0,14.0,160.0,228.0,128.0,228.0,爫之罪报寃家
129.0,288.0,163.0,288.0,163.0,569.0,129.0,569.0,舌𠇮麻害旦些咍之
93.0,13.0,126.0,13.0,126.0,225.0,93.0,225.0,拱𦖻󰋇浽𡅧呢
93.0,285.0,128.0,285.0,128.0,570.0,93.0,570.0,娘𦖑󰟯拱是非𫼢𣑳
54.0,14.0,87.0,14.0,87.0,225.0,54.0,225.0,𡲤推神夢󰋇𠳒
56.0,286.0,88.0,286.0,88.0,569.0,56.0,569.0,夙姻時拱固𡗶於冲
16.0,12.0,49.0,12.0,49.0,227.0,16.0,227.0,刼尼女者渚衝
18.0,285.0,54.0,285.0,54.0,568.0,18.0,568.0,爫之時拱𠬠𫯳刼𨍦