349.0,13.0,383.0,13.0,383.0,231.0,349.0,231.0,倍傍𦲿𣳔花淶
351.0,283.0,384.0,283.0,384.0,576.0,351.0,576.0,払󰡲书院娘移楼粧
315.0,11.0,346.0,11.0,346.0,227.0,315.0,227.0,自畨𥒥别歲鐄
315.0,280.0,346.0,280.0,346.0,577.0,315.0,577.0,情強滲𤀏𢚸強謹魚
276.0,12.0,310.0,12.0,310.0,227.0,276.0,227.0,滝湘𠬠𦄂農𣻄
275.0,283.0,310.0,283.0,310.0,576.0,275.0,576.0,边𬂙頭怒边除𡳳其
238.0,13.0,270.0,13.0,270.0,229.0,238.0,229.0,𠬠墻雪渚霜𩂏
237.0,281.0,270.0,281.0,270.0,572.0,237.0,572.0,信春󰠲易𠫾󰡲朱能
200.0,12.0,235.0,12.0,235.0,229.0,200.0,229.0,吝吝𣈜󰊄店𦝄
204.0,282.0,235.0,282.0,235.0,572.0,204.0,572.0,䜹紅葚錄㐌澄春戈
164.0,13.0,196.0,13.0,196.0,229.0,164.0,229.0,𣈜皮生日外家
167.0,278.0,197.0,278.0,197.0,570.0,167.0,570.0,𨕭𠄩堂󰡎女󰑼𠄩㛪
129.0,11.0,162.0,11.0,162.0,229.0,129.0,229.0,熷𤇊懺襖所襜
130.0,275.0,163.0,275.0,163.0,569.0,130.0,569.0,卞𤼸𠬠礼賒󰠐𡬷誠
92.0,12.0,125.0,12.0,125.0,229.0,92.0,229.0,茹香清永𠬠𠇮
92.0,278.0,125.0,278.0,125.0,568.0,92.0,568.0,𡄎机会遇㐌停固尼
57.0,12.0,89.0,12.0,89.0,230.0,57.0,230.0,時珍式式産排
56.0,281.0,89.0,281.0,89.0,571.0,56.0,571.0,𨃴蓮率率𬧖𣦍𠃅墙
20.0,13.0,52.0,13.0,52.0,226.0,20.0,226.0,隔花仕𠱆㗂鐄
18.0,279.0,51.0,279.0,51.0,568.0,18.0,568.0,󰡎花体㐌固払𨅸𬂙