344.0,10.0,378.0,10.0,378.0,225.0,344.0,225.0,軒斜擱䏾鉦鉦
351.0,282.0,383.0,282.0,383.0,576.0,351.0,576.0,唉𥢆𥢆鄭𡬷貞𠬠𠇮
308.0,11.0,341.0,11.0,341.0,225.0,308.0,225.0,朱台󰑼退有情
310.0,285.0,346.0,285.0,346.0,578.0,310.0,578.0,妬埃𢴑䋦絲萌朱衝
269.0,10.0,303.0,10.0,303.0,227.0,269.0,227.0,払金自吏書窻
275.0,286.0,309.0,286.0,309.0,575.0,275.0,575.0,浽娘更更边𢚸更亏
233.0,10.0,265.0,10.0,265.0,230.0,233.0,230.0,愁冬強刻強苔
236.0,288.0,273.0,288.0,273.0,578.0,236.0,578.0,𠀧秋論吏𠬠𣈜𨱽稽
198.0,12.0,230.0,12.0,230.0,228.0,198.0,228.0,𫡮秦鎖謹窻𦂛
200.0,285.0,235.0,285.0,235.0,574.0,200.0,574.0,𦹷紅料裊𠫾𧗱占包
160.0,10.0,193.0,10.0,193.0,228.0,160.0,228.0,旬𦝄鈌𥒦油滈
165.0,284.0,198.0,284.0,198.0,577.0,165.0,577.0,󰘚𢠩想󰘚𢚸嗷喭𢚸
126.0,10.0,157.0,10.0,157.0,227.0,126.0,227.0,󰟀文唏這如銅
128.0,282.0,161.0,282.0,161.0,580.0,128.0,580.0,竹痴󰇽兎絲𣳔泛鸾
91.0,8.0,123.0,8.0,123.0,227.0,91.0,227.0,甍相拂拂𩙋弹
91.0,285.0,124.0,285.0,124.0,575.0,91.0,575.0,香𦀊味女茶乾喠情
53.0,8.0,84.0,8.0,84.0,227.0,53.0,227.0,󰂇庄綠女𠀧生
54.0,285.0,89.0,285.0,89.0,573.0,54.0,573.0,爫之眈󰡬碩城撩𤽗
17.0,9.0,49.0,9.0,49.0,228.0,17.0,228.0,氷傾𢖵景𢖵𠊛
18.0,284.0,51.0,284.0,51.0,576.0,18.0,576.0,女尼奇遇倍移蹎𠫾