350.0,11.0,386.0,11.0,386.0,231.0,350.0,231.0,包饒󰞂苦情傷
353.0,287.0,386.0,287.0,386.0,576.0,353.0,576.0,弹󰜏羕意体欧𠬠㝵
313.0,11.0,346.0,11.0,346.0,231.0,313.0,231.0,垠碎𨅸吏𠬠边
315.0,284.0,349.0,284.0,349.0,578.0,315.0,578.0,󰇏𦖻耒買𨀈𨖲𨕭楼
275.0,12.0,308.0,12.0,308.0,231.0,275.0,231.0,𦖑崔󰟹駭掣󰠲
280.0,284.0,312.0,284.0,312.0,578.0,280.0,578.0,弹󰜏羕意体欧𠬠㝵
243.0,10.0,270.0,10.0,270.0,231.0,243.0,231.0,意買肝意買才
243.0,284.0,273.0,284.0,273.0,578.0,243.0,578.0,𢪀強添𢪀産荄用移
205.0,12.0,236.0,12.0,236.0,231.0,205.0,231.0,㝵󰠲溇色渃𠁀
204.0,283.0,238.0,283.0,238.0,576.0,204.0,576.0,麻払束手𦋦㝵抪𢬣
166.0,10.0,198.0,10.0,198.0,229.0,166.0,229.0,实賍扒特󰟯尼
166.0,284.0,199.0,284.0,199.0,577.0,166.0,577.0,𧖱悭埃拱槔眉哏𬹸
128.0,11.0,162.0,11.0,162.0,230.0,128.0,230.0,世麻㛪󰝸代滕
130.0,284.0,162.0,284.0,162.0,575.0,130.0,575.0,朝𠶆𢝙𨤔呐能妙楊
95.0,12.0,124.0,12.0,124.0,231.0,95.0,231.0,𫺶由𫥨胣世常
94.0,283.0,125.0,283.0,125.0,574.0,94.0,574.0,唭𠱋買实坤量險𫐷
58.0,10.0,89.0,10.0,89.0,231.0,58.0,231.0,身些些沛𢗼歐
58.0,286.0,89.0,286.0,89.0,574.0,58.0,574.0,𠰘𤞻毒𧋻扵󰠲准尼
18.0,9.0,52.0,9.0,52.0,231.0,18.0,231.0,󰂇庄招𦑃高𠖤
19.0,281.0,52.0,281.0,52.0,575.0,19.0,575.0,樔𣘃𥹰拱固𣈜披花