343.0,9.0,378.0,9.0,378.0,229.0,343.0,229.0,翠翹色稍坤頑
345.0,282.0,377.0,282.0,377.0,569.0,345.0,569.0,󰟁緣󰑼分紅顔㐌停
304.0,9.0,340.0,9.0,340.0,230.0,304.0,230.0,吏恾𥙩𠬠𡦂情
308.0,283.0,342.0,283.0,342.0,570.0,308.0,570.0,墟墟𠇮𢯜𥙩𠇮𠓨冲
270.0,11.0,300.0,11.0,300.0,228.0,270.0,228.0,丕𢧚仍准從容
272.0,281.0,306.0,281.0,306.0,570.0,272.0,570.0,扵空安稳𡎢空凭鐄
235.0,8.0,268.0,8.0,268.0,228.0,235.0,228.0,麻󰈆𨇒鬼󰝡塘
237.0,280.0,270.0,280.0,270.0,573.0,237.0,573.0,吏尋仍性断膓麻𠫾
197.0,9.0,231.0,9.0,231.0,228.0,197.0,228.0,歇𮥷意旦𮥷箕
199.0,281.0,233.0,281.0,233.0,573.0,199.0,573.0,青楼𠄩𦀎青衣𠄩吝
163.0,10.0,194.0,10.0,194.0,229.0,163.0,229.0,𡧲妄槊鄧鎌陳
164.0,282.0,197.0,282.0,197.0,571.0,164.0,571.0,掑𪘵𤞻𤢿改身碎隊
126.0,10.0,159.0,10.0,159.0,229.0,126.0,229.0,𡨌妄渃𣲆㳥𣼭
127.0,283.0,160.0,283.0,160.0,570.0,127.0,570.0,畧頷𧏵󰠩招𠇮水星
90.0,10.0,120.0,10.0,120.0,233.0,90.0,233.0,寃箕蹺買貝情
89.0,281.0,123.0,281.0,123.0,571.0,89.0,571.0,𠬠𠇮𠇮別𠬠𠇮𠇮咍
52.0,9.0,85.0,9.0,85.0,232.0,52.0,232.0,朱爫𤯩墮托苔
51.0,282.0,87.0,282.0,87.0,571.0,51.0,571.0,断膓朱歇刼尼買催
15.0,9.0,46.0,9.0,46.0,231.0,15.0,231.0,𮗓緣𦖑呐𣳔涞
17.0,282.0,47.0,282.0,47.0,569.0,17.0,569.0,𠬠𠁀娘𠰚傷喂群之