341.0,11.0,376.0,11.0,376.0,220.0,341.0,220.0,事𢚸吘貝水人
343.0,277.0,377.0,277.0,377.0,562.0,343.0,562.0,信霜吨𠰺賒𧵆𠮿敲
306.0,10.0,336.0,10.0,336.0,223.0,306.0,223.0,𧵆沔固𠬠媒芇
308.0,278.0,339.0,278.0,339.0,559.0,308.0,559.0,迻𠊛遠客尋𠓨問名
271.0,11.0,302.0,11.0,302.0,220.0,271.0,220.0,𠳨𠸜浪馬監生
273.0,278.0,305.0,278.0,305.0,560.0,273.0,560.0,𠳨囯浪縣臨清散𧵆
236.0,10.0,265.0,10.0,265.0,224.0,236.0,224.0,過年擢外𦊚旬
238.0,277.0,269.0,277.0,269.0,558.0,238.0,558.0,鬚𪵟忍隊襖裙丙包
201.0,12.0,233.0,12.0,233.0,225.0,201.0,225.0,畧柴娄伵牢敲
201.0,277.0,235.0,277.0,235.0,561.0,201.0,561.0,茹氷迻䋦逴𠓨楼粧
163.0,9.0,197.0,9.0,197.0,222.0,163.0,222.0,㨳𨕭𡎢卒産床
165.0,277.0,198.0,277.0,198.0,559.0,165.0,559.0,󰟀𥪝䋦㐌迻娘急𦋦
126.0,11.0,158.0,11.0,158.0,225.0,126.0,225.0,??????
128.0,279.0,160.0,279.0,160.0,559.0,128.0,559.0,㙴花𠬠𨀈湥花󰋇行
89.0,12.0,122.0,12.0,122.0,226.0,89.0,226.0,𪿒顒赧󰊄𠲖霜
93.0,279.0,125.0,279.0,125.0,560.0,93.0,560.0,󰡤花䏾𢢆𬂙𦎛󰘚𠫅
53.0,12.0,86.0,12.0,86.0,225.0,53.0,225.0,䋦強𢵼󰖥扒𢬣
57.0,278.0,89.0,278.0,89.0,558.0,57.0,558.0,湿忿如菊調𤷍如梅
18.0,13.0,49.0,13.0,49.0,225.0,18.0,225.0,旦都斤色斤才
20.0,277.0,52.0,277.0,52.0,554.0,20.0,554.0,押宫琴月此牌撅䜹