345.0,19.0,377.0,19.0,377.0,229.0,345.0,229.0,防欺渃㐌旦蹎
344.0,290.0,379.0,290.0,379.0,574.0,344.0,574.0,刀尼時料貝身分尼
307.0,18.0,337.0,18.0,337.0,226.0,307.0,226.0,點愁𠬠刻𠬠迡
306.0,289.0,339.0,289.0,339.0,579.0,306.0,579.0,氷傾如醒如醝𠬠𠇮
269.0,16.0,300.0,16.0,300.0,225.0,269.0,225.0,𫽄󰑼妸馬監生
270.0,288.0,301.0,288.0,301.0,577.0,270.0,577.0,刎󰑼𠬠𥒥󰘩情㐌涓
233.0,16.0,264.0,16.0,264.0,226.0,233.0,226.0,過制吏﨤囘顛
234.0,290.0,266.0,290.0,266.0,580.0,234.0,580.0,涓漨吏劍咹沔月花
198.0,14.0,228.0,14.0,228.0,229.0,198.0,229.0,楼撑固媒秀󰜏
199.0,290.0,231.0,290.0,231.0,577.0,199.0,577.0,郎制㐌阻󰡲茹歇綠
162.0,14.0,193.0,14.0,193.0,231.0,162.0,231.0,情期庄限麻𢧚
163.0,286.0,194.0,286.0,194.0,580.0,163.0,580.0,󰘚鋸𦲾䔲堆边𠬠坊
126.0,16.0,156.0,16.0,156.0,228.0,126.0,228.0,終𦝄𨸈𠬠𫔳行
125.0,290.0,160.0,290.0,160.0,576.0,125.0,576.0,觥𫷜奔粉半𦎛㐌例
90.0,18.0,122.0,18.0,122.0,227.0,90.0,227.0,𨄹尋泣𢄂時闺
91.0,286.0,121.0,286.0,121.0,576.0,91.0,576.0,啫名󰞌下𠰺芸咹制
52.0,15.0,84.0,15.0,84.0,224.0,52.0,224.0,𰦫埋欧拱事𡗶
55.0,287.0,87.0,287.0,87.0,575.0,55.0,575.0,断膓吏論󰘚㝵󰀡綠
13.0,14.0,45.0,14.0,45.0,228.0,13.0,228.0,㤕娘㤕分婵娟
15.0,287.0,45.0,287.0,45.0,576.0,15.0,576.0,梗花𠫾半𠓨船梩奔