333.0,7.0,365.0,7.0,365.0,222.0,333.0,222.0,󰠱香旦畧天臺
335.0,278.0,366.0,278.0,366.0,564.0,335.0,564.0,挼𢚸懇渚𣴓𠳒云云
294.0,6.0,328.0,6.0,328.0,224.0,294.0,224.0,𠁑花𧻭𠎪惡人
298.0,279.0,331.0,279.0,331.0,569.0,298.0,569.0,喑喑哭鬼󰟹神木𫥨
259.0,7.0,291.0,7.0,291.0,226.0,259.0,226.0,苔𡑝鎌捽𤎜𤍶
261.0,279.0,294.0,279.0,294.0,568.0,261.0,568.0,失󰟹娘渚別浪爫牢
222.0,7.0,254.0,7.0,254.0,222.0,222.0,222.0,𬟥迷󰠳率洒𠓨
224.0,280.0,257.0,280.0,257.0,563.0,224.0,563.0,𢠩恾如聀占包別之
188.0,10.0,218.0,10.0,218.0,223.0,188.0,223.0,𧿆𣦍𨖲馭即時
188.0,279.0,222.0,279.0,222.0,568.0,188.0,568.0,房桃院󰀋𦊚皮焒炵
151.0,7.0,182.0,7.0,182.0,223.0,151.0,223.0,産屍無主边滝
152.0,279.0,184.0,279.0,184.0,567.0,152.0,567.0,󰝂𠓨底妬吝崇埃台
116.0,8.0,147.0,8.0,147.0,221.0,116.0,221.0,碎隊魄落魂𠖤
116.0,278.0,150.0,278.0,150.0,567.0,116.0,567.0,坡乾蓓𦹵㭲核隐𠇮
78.0,6.0,110.0,6.0,110.0,224.0,78.0,224.0,束翁茹拱𧵆觥
79.0,280.0,111.0,280.0,111.0,565.0,79.0,565.0,秩𬂙𦰟焒失󰟹𣳔涞
42.0,11.0,75.0,11.0,75.0,222.0,42.0,222.0,伵柴𧼋𣦎旦尼
41.0,278.0,75.0,278.0,75.0,568.0,41.0,568.0,哉排洒焒尋㝵劳嗃
5.0,7.0,35.0,7.0,35.0,224.0,5.0,224.0,𫗄嵩𦰟焒強高
3.0,278.0,35.0,278.0,35.0,566.0,3.0,566.0,碎隊尋覩娘芇体󰠳