340.0,10.0,373.0,10.0,373.0,228.0,340.0,228.0,強𬂙󰘚強󰡢󰡣
340.0,281.0,374.0,281.0,374.0,564.0,340.0,564.0,𫆧蟳隊󰞂如絲󰑚排
304.0,10.0,336.0,10.0,336.0,227.0,304.0,227.0,𢜝威敢󰝸𠳐𠳒
307.0,280.0,336.0,280.0,336.0,565.0,307.0,565.0,󱖺頭納𫴋𡑝梅𠬠󱴲
267.0,11.0,299.0,11.0,299.0,225.0,267.0,225.0,生它魄落塊漂
269.0,283.0,301.0,283.0,301.0,566.0,269.0,566.0,傷喂󰝸沛娘娇扵低
234.0,10.0,262.0,10.0,262.0,225.0,234.0,225.0,因爫牢旦󰡫尼
234.0,282.0,266.0,282.0,266.0,566.0,234.0,566.0,催催些㐌默𢬣它耒
198.0,10.0,229.0,10.0,229.0,227.0,198.0,227.0,𢜝悁敢𠼯𫥨𠳒
198.0,283.0,229.0,283.0,229.0,565.0,198.0,565.0,坤拫湥玉湥洡𡮈沙
161.0,10.0,195.0,10.0,195.0,227.0,161.0,227.0,小姐𬂙󰘚𠳨查
162.0,283.0,191.0,283.0,191.0,565.0,162.0,565.0,買󰡲󰡏𭛣之麻動容
127.0,10.0,158.0,10.0,158.0,227.0,127.0,227.0,生浪孝服皮衝
126.0,282.0,155.0,282.0,155.0,562.0,126.0,562.0,推𢚸陟𡵆𤴬𢚸冬天
88.0,9.0,123.0,9.0,123.0,227.0,88.0,227.0,𠸦浪孝于㐌𢧚
87.0,282.0,121.0,282.0,121.0,564.0,87.0,564.0,洗塵慢󱋓解煩店秋
51.0,10.0,84.0,10.0,84.0,227.0,51.0,227.0,㛪𫯳󱋓酢󱋓酬
49.0,282.0,81.0,282.0,81.0,562.0,49.0,562.0,扒娘𨅸植持壼𠄩尼
17.0,11.0,47.0,11.0,47.0,226.0,17.0,226.0,扒寬扒日旦𠳒
15.0,283.0,46.0,283.0,46.0,563.0,15.0,563.0,扒跪尽󰘚扒𨑮尽𢬣