343.0,10.0,377.0,10.0,377.0,228.0,343.0,228.0,浽傷呐󰝸歇𠳒
341.0,285.0,374.0,285.0,374.0,582.0,341.0,582.0,謝辞生買湥洡跙𦋦
305.0,9.0,335.0,9.0,335.0,229.0,305.0,229.0,倍󰡲所准園花
304.0,284.0,336.0,284.0,336.0,577.0,304.0,577.0,連𠶆員外𪪳󰜏拱𨖅
271.0,10.0,301.0,10.0,301.0,229.0,271.0,229.0,晨昏針拙礼常
268.0,284.0,300.0,284.0,300.0,577.0,268.0,577.0,养親台𬌓𢚸娘𣈜初
237.0,13.0,265.0,13.0,265.0,229.0,237.0,229.0,叮咛埋湥劄詩
233.0,286.0,264.0,286.0,264.0,577.0,233.0,577.0,割㝵尋隊迻詞𠴍㖇
201.0,10.0,231.0,10.0,231.0,232.0,201.0,232.0,別包功摱𧵑税
197.0,284.0,227.0,284.0,227.0,577.0,197.0,577.0,臨淄󰋇度𠫾󰡲埮𣾺
162.0,9.0,192.0,9.0,192.0,228.0,162.0,228.0,㝵𠬠尼𠳨𠬠尼
162.0,283.0,194.0,283.0,194.0,577.0,162.0,577.0,溟濛芇別𣷭𡗶尼芇
127.0,12.0,156.0,12.0,156.0,230.0,127.0,230.0,生強惨切渴滈
124.0,283.0,155.0,283.0,155.0,578.0,124.0,578.0,如燶肝鉄如鉋𢚸𣘈
88.0,10.0,122.0,10.0,122.0,232.0,88.0,232.0,𫆧蟳𣈜𠬠𤉗𤈊
88.0,284.0,118.0,284.0,118.0,580.0,88.0,580.0,雪霜𣈜𠬠耗𤷱𠇮蟡
53.0,8.0,83.0,8.0,83.0,230.0,53.0,230.0,矧䜹六醒六迷
51.0,282.0,82.0,282.0,82.0,577.0,51.0,577.0,𧖱蹺渃𬑉魂󰡞占包
15.0,12.0,46.0,12.0,46.0,229.0,15.0,229.0,椿萱𢗼𢜝掣包
14.0,285.0,47.0,285.0,47.0,578.0,14.0,578.0,过𦋦欺旦世芇麻咍