338.0,16.0,371.0,16.0,371.0,233.0,338.0,233.0,徐浪心胆相知
339.0,286.0,374.0,286.0,374.0,575.0,339.0,575.0,牢渚脱塊女兒常情
303.0,14.0,334.0,14.0,334.0,230.0,303.0,230.0,包除𨑮萬精兵
304.0,285.0,334.0,285.0,334.0,573.0,304.0,573.0,㗂󰡕𠰺坦䏾旌葉塘
267.0,16.0,298.0,16.0,298.0,232.0,267.0,232.0,爫朱𤑟󰘚非常
267.0,288.0,301.0,288.0,301.0,574.0,267.0,574.0,碑除些仕逴娘宜家
229.0,18.0,262.0,18.0,262.0,235.0,229.0,235.0,平󰅒𦊚𣷭空茹
231.0,286.0,262.0,286.0,262.0,576.0,231.0,576.0,蹺強添泮別󰑼𠫾󰠲
195.0,14.0,225.0,14.0,225.0,235.0,195.0,235.0,停𢚸除妬𠃣𥹰
195.0,285.0,226.0,285.0,226.0,574.0,195.0,574.0,迡庒󰑼𠬠𢆥𢖖倍之
156.0,13.0,190.0,13.0,190.0,233.0,156.0,233.0,决𠳒𢴑襖𦋦𠫾
158.0,283.0,191.0,283.0,191.0,572.0,158.0,572.0,愈𫡮平㐌旦󰠍淡𣾺
123.0,12.0,152.0,12.0,152.0,234.0,123.0,234.0,娘時隻䏾窻梅
123.0,286.0,153.0,286.0,153.0,571.0,123.0,571.0,𣈜偷蕩蕩日掑扦𫡮
86.0,12.0,118.0,12.0,118.0,233.0,86.0,233.0,𡑝𦼔庄𡳒𨁪苔
86.0,284.0,116.0,284.0,116.0,574.0,86.0,574.0,𦹵高欣𡱩柳𤷍𪽡分
49.0,13.0,81.0,13.0,81.0,232.0,49.0,232.0,兑傷𬮙淡梓粉
50.0,287.0,80.0,287.0,80.0,570.0,50.0,570.0,魂圭蹺𦰟𫡮秦賒賒
11.0,13.0,43.0,13.0,43.0,230.0,11.0,230.0,㤕台萱扲椿𫅷
12.0,286.0,45.0,286.0,45.0,573.0,12.0,573.0,𬌓𢚸傷汝別󰑼󰡏𢢯