364.0,9.0,397.0,9.0,397.0,227.0,364.0,227.0,祝󰑼𨑮󰋇𢆥𡗶
364.0,286.0,396.0,286.0,396.0,575.0,364.0,575.0,群𦋦欺㐌䏧蝟󰖥霜
325.0,10.0,359.0,10.0,359.0,225.0,325.0,225.0,惜台𫵀󰒂󱀄强
328.0,286.0,358.0,286.0,358.0,573.0,328.0,573.0,酉离絲衹群王絲𢚸
289.0,11.0,318.0,11.0,318.0,225.0,289.0,225.0,緣㛪油𫃸絲紅
291.0,284.0,321.0,284.0,321.0,572.0,291.0,572.0,埋𦋦欺㐌𢬣𢸚𢬣恾
251.0,10.0,285.0,10.0,285.0,226.0,251.0,226.0,𡬷念故國他鄕
252.0,281.0,284.0,281.0,284.0,569.0,252.0,569.0,塘箕浽怒滚昂排排
212.0,10.0,245.0,10.0,245.0,223.0,212.0,223.0,𦑃鴻𠖤俸絶潙
215.0,280.0,245.0,280.0,245.0,575.0,215.0,575.0,㐌󰍹昆𬑉方𡗶󰝡󰝡
178.0,9.0,209.0,9.0,209.0,224.0,178.0,224.0,店𣈜𨻫仍音󰠐
178.0,282.0,209.0,282.0,209.0,571.0,178.0,571.0,焒兵󰠲㐌喑喑𠬠方
141.0,8.0,173.0,8.0,173.0,225.0,141.0,225.0,𡴯𡗶殺氣𢠩恾
140.0,282.0,172.0,282.0,172.0,573.0,140.0,573.0,苔滝鯨鰐秩塘甲兵
106.0,7.0,136.0,7.0,136.0,223.0,106.0,223.0,㝵悁属几冬觥
106.0,280.0,134.0,280.0,134.0,570.0,106.0,570.0,𫫵娘唉暫另𠇮󰓳尼
67.0,8.0,99.0,8.0,99.0,222.0,67.0,222.0,娘浪畧㐌𭉑𠳒
67.0,284.0,99.0,284.0,99.0,571.0,67.0,571.0,酉冲危險敢涞約初
28.0,10.0,59.0,10.0,59.0,225.0,28.0,225.0,群當堆孕󰡢󰡣
28.0,280.0,61.0,280.0,61.0,572.0,28.0,572.0,𠃅外㐌体𦰟旗㗂𬫤