333.0,15.0,367.0,15.0,367.0,220.0,333.0,220.0,𢖵𠳒願約三生
335.0,275.0,367.0,275.0,367.0,558.0,335.0,558.0,賒吹埃󰡏別情庒埃
299.0,12.0,331.0,12.0,331.0,221.0,299.0,221.0,欺󰡲𠳨柳章臺
299.0,275.0,333.0,275.0,333.0,557.0,299.0,557.0,梗春㐌𢯏朱㝵專𢬣
263.0,13.0,295.0,13.0,295.0,222.0,263.0,222.0,情溇蒙者󰒂𠫅
265.0,274.0,296.0,274.0,296.0,556.0,265.0,556.0,花箕㐌执核尼朱渚
230.0,12.0,260.0,12.0,260.0,220.0,230.0,220.0,䋦情隊段紆絲
230.0,275.0,261.0,275.0,261.0,558.0,230.0,558.0,聀鄕䦕𨻫仍𢠩更𨱽
194.0,11.0,226.0,11.0,226.0,219.0,194.0,219.0,窻紗宇宇方𡗶
194.0,274.0,225.0,274.0,225.0,558.0,194.0,558.0,󰅒黄昏㐌吏枚昏黄
159.0,12.0,190.0,12.0,190.0,220.0,159.0,220.0,吝吝兎泊鵶鐄
159.0,277.0,191.0,277.0,191.0,558.0,159.0,558.0,拙㝵𥪝会断膓隊干
125.0,11.0,154.0,11.0,154.0,222.0,125.0,222.0,㐌朱𥙩𡦂紅顔
124.0,276.0,153.0,276.0,153.0,556.0,124.0,556.0,爫朱朱害朱殘朱斤
87.0,11.0,119.0,11.0,119.0,222.0,87.0,222.0,㐌苔𠓨刼󰘩塵
86.0,275.0,117.0,275.0,117.0,556.0,86.0,556.0,牢朱叕辱𠬠吝買傕
51.0,10.0,83.0,10.0,83.0,222.0,51.0,222.0,客遊俸固𠬠㝵
52.0,274.0,82.0,274.0,82.0,559.0,52.0,559.0,其心户束拱𩑛書香
16.0,13.0,46.0,13.0,46.0,224.0,16.0,224.0,本㝵縣錫州常
13.0,275.0,45.0,275.0,45.0,557.0,13.0,557.0,蹺嚴親𨷑𡾵行臨淄