336.0,11.0,370.0,11.0,370.0,224.0,336.0,224.0,吏貞𠬠礼貝娘
337.0,280.0,368.0,280.0,368.0,565.0,337.0,565.0,𠄩𠸜彩女玉鐄𠦳斤
298.0,11.0,331.0,11.0,331.0,226.0,298.0,226.0,信𠓨㗇畧中軍
298.0,280.0,332.0,280.0,332.0,563.0,298.0,563.0,徐公貞𪟽𨑮分糊塗
262.0,9.0,295.0,9.0,295.0,226.0,262.0,226.0,𠬠𢬣𨠳鄧基圖
264.0,280.0,296.0,280.0,296.0,564.0,264.0,564.0,碑𥹰𣷭楚滝吳縱横
228.0,11.0,257.0,11.0,257.0,222.0,228.0,222.0,抪身󰡲貝朝庭
229.0,278.0,260.0,278.0,260.0,567.0,229.0,567.0,降臣盧老分𠇮𦋦󰠳
193.0,10.0,224.0,10.0,224.0,221.0,193.0,221.0,襖襜纀𬗔𥙩饒
193.0,279.0,224.0,279.0,224.0,564.0,193.0,564.0,𠓨倫𦋦󱖺公候麻之
157.0,11.0,189.0,11.0,189.0,223.0,157.0,223.0,牢朋貞𠬠边陲
157.0,278.0,188.0,278.0,188.0,561.0,157.0,561.0,飭尼㐌易爫之特饒
123.0,11.0,152.0,11.0,152.0,225.0,123.0,225.0,濁𡗶𢭴渃默油
121.0,277.0,153.0,277.0,153.0,563.0,121.0,563.0,育昂芇別𨕭頭󰡏埃
84.0,10.0,116.0,10.0,116.0,224.0,84.0,224.0,娘時实胣信㝵
85.0,277.0,118.0,277.0,118.0,559.0,85.0,559.0,礼𡗉呐𠮾𦖑𠳒易󰖫
47.0,10.0,80.0,10.0,80.0,225.0,47.0,225.0,時𠇮𩈘渃𦑃䕯
47.0,278.0,79.0,278.0,79.0,558.0,47.0,558.0,㐌𡗉流落㐌𡗉󰠡屯
11.0,13.0,43.0,13.0,43.0,223.0,11.0,223.0,平󰅒𠹾㗂王臣
11.0,278.0,41.0,278.0,41.0,558.0,11.0,558.0,青青塘丐青雲俠之