337.0,10.0,370.0,10.0,370.0,228.0,337.0,228.0,鄭念𢖵旦家鄕
338.0,285.0,373.0,285.0,373.0,570.0,338.0,570.0,𢖵圭払吏尋塘深圭
303.0,12.0,331.0,12.0,331.0,230.0,303.0,230.0,小姐迍𫔳吔提
302.0,283.0,335.0,283.0,335.0,573.0,302.0,573.0,寒暄皮𣴓每皮𧵆賒
265.0,12.0,297.0,12.0,297.0,231.0,265.0,231.0,茹香高捲幅羅
266.0,283.0,300.0,283.0,300.0,569.0,266.0,569.0,房𥪝傳哙娘𦋦𥛉𢜠
229.0,12.0,257.0,12.0,257.0,231.0,229.0,231.0,𨀈𦋦𠬠𨀈𠬠𨀊
229.0,284.0,262.0,284.0,262.0,571.0,229.0,571.0,𬂙賒娘㐌𤏣澄裊賒
191.0,11.0,223.0,11.0,223.0,230.0,191.0,230.0,沛浪𬋟𤈛畑𤍶
194.0,286.0,224.0,286.0,224.0,568.0,194.0,568.0,𤑟𤉜𡎢妬庄󰑼束生
155.0,11.0,187.0,11.0,187.0,229.0,155.0,229.0,碑徐情買𤑟情
158.0,286.0,188.0,286.0,188.0,569.0,158.0,569.0,催催㐌默𠓨𫒥󰝸差
119.0,13.0,150.0,13.0,150.0,227.0,119.0,227.0,斫󰠲󰡏斫𨔍𠁀
121.0,287.0,152.0,287.0,152.0,569.0,121.0,569.0,㝵󰠲麻吏󰡏㝵精魔
85.0,12.0,115.0,12.0,115.0,225.0,85.0,225.0,𤑟𤉜实侶堆些
84.0,286.0,114.0,286.0,114.0,569.0,84.0,569.0,爫𦋦昆於主茹堆尼
48.0,10.0,79.0,10.0,79.0,229.0,48.0,229.0,皮外噠噠呐唭
47.0,286.0,80.0,286.0,80.0,567.0,47.0,567.0,麻冲岩險𣩂㝵空刀
8.0,11.0,43.0,11.0,43.0,231.0,8.0,231.0,碑除坦𥰊𡗶高
8.0,283.0,43.0,283.0,43.0,569.0,8.0,569.0,咹爫牢呐爫牢悲除