333.0,16.0,366.0,16.0,366.0,224.0,333.0,224.0,媒𦖑娘呐咍情
332.0,278.0,365.0,278.0,365.0,558.0,332.0,558.0,閉徐買浽三彭媒蓮
298.0,14.0,328.0,14.0,328.0,226.0,298.0,226.0,尼尼事㐌果然
300.0,275.0,329.0,275.0,329.0,559.0,300.0,559.0,催它刼𧵑𫯳綿𠫾耒
259.0,14.0,292.0,14.0,292.0,226.0,259.0,226.0,保時𠫾造𥙩㝵
264.0,277.0,295.0,277.0,295.0,558.0,264.0,558.0,󰝡𧗱逴客劍利麻咹
225.0,14.0,255.0,14.0,255.0,224.0,225.0,224.0,從󰟁󰒂扵󰟁仁
226.0,278.0,258.0,278.0,258.0,559.0,226.0,559.0,忿𠇮畧㐌秦緡此󱉁
190.0,12.0,219.0,12.0,219.0,223.0,190.0,223.0,牟糊㐌秩𠫾耒
190.0,278.0,222.0,278.0,222.0,560.0,190.0,560.0,催催本另𠫾𠁀茹麻
155.0,12.0,185.0,12.0,185.0,220.0,155.0,220.0,昆箕㐌半朱些
154.0,278.0,187.0,278.0,187.0,558.0,154.0,558.0,入家沛㨿法茹蚤低
118.0,11.0,149.0,11.0,149.0,219.0,118.0,219.0,尼箕󰡏󰇾排碑
118.0,276.0,151.0,276.0,151.0,556.0,118.0,556.0,庄坊𠓨󰘚麻眉仃𦖑
86.0,11.0,114.0,11.0,114.0,220.0,86.0,220.0,㨿牢𠹾卒𠬠皮
83.0,279.0,115.0,279.0,115.0,558.0,83.0,558.0,𡛔絲麻㐌我芸󰉺牢
51.0,12.0,78.0,12.0,78.0,220.0,51.0,220.0,沛爫朱別法蚤
47.0,278.0,80.0,278.0,80.0,560.0,47.0,560.0,𪮞皮鞭立𪮭𠓨𦋦𢬣
12.0,11.0,42.0,11.0,42.0,220.0,12.0,220.0,娘浪𡗶審坦𠫅
12.0,274.0,41.0,274.0,41.0,560.0,12.0,560.0,身尼㐌補仍𣈜𦋦𠫾