349.0,14.0,378.0,14.0,378.0,230.0,349.0,230.0,卯𩢬㐌拈𠓨囷
350.0,287.0,383.0,287.0,383.0,578.0,350.0,578.0,聘󰀩𥜤價迎婚産𣈜
312.0,14.0,346.0,14.0,346.0,230.0,312.0,230.0,𢜠󰠐旗㐌旦𢬣
316.0,288.0,348.0,288.0,348.0,576.0,316.0,576.0,強𥚆𨤔玉強醝曲凰
274.0,13.0,307.0,13.0,307.0,228.0,274.0,228.0,㐌𢧚国色天香
277.0,286.0,311.0,286.0,311.0,575.0,277.0,575.0,𠬠唭尼罕𠦳鐄庄吪
240.0,13.0,271.0,13.0,271.0,228.0,240.0,228.0,米低渃畧披花
242.0,289.0,272.0,289.0,272.0,575.0,242.0,575.0,王孫貴客乙󰑼都僥
204.0,16.0,236.0,16.0,236.0,234.0,204.0,234.0,𠀧𦊚𤾓两此󰠳
205.0,287.0,236.0,287.0,236.0,575.0,205.0,575.0,拱㐌皮本群𨍦時利
169.0,15.0,201.0,15.0,201.0,229.0,169.0,229.0,𠰘唁掑旦羡尼
168.0,288.0,199.0,288.0,199.0,577.0,168.0,577.0,本茹拱惜𧵑𡗶拱貪
130.0,12.0,164.0,12.0,164.0,229.0,130.0,229.0,桃仙㐌𤊰𢬣凡
134.0,284.0,165.0,284.0,165.0,575.0,134.0,575.0,時攀梗橘朱柑事𠁀
93.0,10.0,126.0,10.0,126.0,228.0,93.0,228.0,󰡎尘󰋇󰘚郎制
95.0,285.0,129.0,285.0,129.0,575.0,95.0,575.0,制花㐌易󰋇㝵别花
57.0,13.0,89.0,13.0,89.0,232.0,57.0,232.0,渃補榴𧖱𦙤𬷤
57.0,285.0,89.0,285.0,89.0,574.0,57.0,574.0,𠼦牟招集吏󰑼群元
14.0,15.0,52.0,15.0,52.0,229.0,14.0,229.0,䏢麻打吝昆顛
20.0,287.0,52.0,287.0,52.0,571.0,20.0,571.0,包饒拱闭饒錢秩之