340.0,8.0,373.0,8.0,373.0,225.0,340.0,225.0,斧刀包管身殘
344.0,274.0,374.0,274.0,374.0,559.0,344.0,559.0,女苔墮𥘷強寃酷𫅷
306.0,10.0,338.0,10.0,338.0,220.0,306.0,220.0,𠬠𠳒𨍦𫏾拱𦋦
306.0,275.0,337.0,275.0,337.0,556.0,306.0,556.0,催時󰘚屈𫽄時𢚸𤴬
269.0,9.0,301.0,9.0,301.0,223.0,269.0,223.0,蹺𠳒如沚𣳔珠
269.0,274.0,302.0,274.0,302.0,556.0,269.0,556.0,料𠇮𪪳㐌招頭墙𪿙
234.0,11.0,266.0,11.0,266.0,222.0,234.0,222.0,倍傍几𡨹㝵嵬
236.0,271.0,267.0,271.0,267.0,557.0,236.0,557.0,𡮈蘇娘吏尋𠳒勸干
200.0,10.0,232.0,10.0,232.0,223.0,200.0,223.0,尾之󰓳𤗖紅顔
201.0,273.0,232.0,273.0,232.0,556.0,201.0,556.0,󰖥絲渚𡭧填恩生成
162.0,10.0,193.0,10.0,193.0,225.0,162.0,225.0,𤼸書㐌𢢆娘鶯
165.0,276.0,195.0,276.0,195.0,557.0,165.0,557.0,吏輸妸李半𠇮咍年
126.0,9.0,159.0,9.0,159.0,221.0,126.0,221.0,棟椿歲鶴強高
128.0,274.0,160.0,274.0,160.0,557.0,128.0,557.0,𠬠核梗搏别包饒梗
90.0,10.0,122.0,10.0,122.0,224.0,90.0,224.0,𢚸絲油庄𢴑情
92.0,275.0,122.0,275.0,122.0,557.0,92.0,557.0,󰊄𫡮欧罕散情渃󰝶
56.0,8.0,87.0,8.0,87.0,221.0,56.0,221.0,時浪料𠬠身昆
54.0,273.0,86.0,273.0,86.0,558.0,54.0,558.0,花油㐌𦑃𦲿群撑核
15.0,11.0,49.0,11.0,49.0,219.0,15.0,219.0,分牢停丕拱丕
20.0,275.0,49.0,275.0,49.0,560.0,20.0,560.0,扲如󰝸杜仍𣈜群撑