330.0,15.0,361.0,15.0,361.0,225.0,330.0,225.0,另車畧料尋塘
332.0,280.0,365.0,280.0,365.0,562.0,332.0,562.0,𡎥除渃旦𢧚󰟯群圭
293.0,15.0,324.0,15.0,324.0,226.0,293.0,226.0,固茹媒泊边箕
297.0,281.0,328.0,281.0,328.0,564.0,297.0,564.0,庵𩄲涓磊𠫾󰡲油香
258.0,15.0,287.0,15.0,287.0,225.0,258.0,225.0,𠴍郎吲喝每塘
259.0,279.0,291.0,279.0,291.0,563.0,259.0,563.0,扽茹唉暫朱娘翥真
221.0,14.0,252.0,14.0,252.0,225.0,221.0,225.0,仍𢜠特准安身
225.0,278.0,257.0,278.0,257.0,564.0,225.0,564.0,倍傍芇及併𧵆併賒
188.0,13.0,217.0,13.0,217.0,224.0,188.0,224.0,芇𪟽共祖姂𫅷
191.0,278.0,222.0,278.0,222.0,561.0,191.0,561.0,泊󰜏𭓇貝秀󰜏同門
151.0,12.0,182.0,12.0,182.0,219.0,151.0,219.0,体娘𤁕粉󰕔𣘈
153.0,278.0,185.0,278.0,185.0,562.0,153.0,562.0,𢜠󰠐特󰡭半奔固唎
116.0,11.0,147.0,11.0,147.0,218.0,116.0,218.0,虚空達補𢧚𠳒
118.0,278.0,149.0,278.0,149.0,563.0,118.0,563.0,娘它𢀲󰡨用涞𡗋番
82.0,12.0,111.0,12.0,111.0,220.0,82.0,220.0,媒強吹𠲝朱連
82.0,276.0,112.0,276.0,112.0,559.0,82.0,559.0,𥙩𠳒凶險押緣朱陳
43.0,14.0,75.0,14.0,75.0,221.0,43.0,221.0,浪娘𬮙淡𠬠身
45.0,276.0,76.0,276.0,76.0,556.0,45.0,556.0,吏恾仍㗂与賒𫅜賒
8.0,10.0,39.0,10.0,39.0,217.0,8.0,217.0,害寃家𧵑破家
8.0,276.0,40.0,276.0,40.0,557.0,8.0,557.0,群埃敢貯𠓨茹女低