351.0,9.0,383.0,9.0,383.0,226.0,351.0,226.0,責𢚸哬𠾿闭𢚸
350.0,278.0,384.0,278.0,384.0,570.0,350.0,570.0,焒香祝底冷𫥌闭𥹰
311.0,13.0,346.0,13.0,346.0,228.0,311.0,228.0,仍󰑼㙮汝対愁
314.0,279.0,348.0,279.0,348.0,571.0,314.0,571.0,雪霜染姅買頭花森
277.0,12.0,309.0,12.0,309.0,228.0,277.0,228.0,娘浪󰊄扒湄扲
279.0,278.0,311.0,278.0,311.0,569.0,279.0,569.0,㐌甘弊貝知音闭迡
239.0,11.0,274.0,11.0,274.0,231.0,239.0,231.0,永茹特𣇜歆󰅒
242.0,277.0,276.0,277.0,276.0,572.0,242.0,572.0,𥙩𢚸哙𡭧𫥨尼謝𢚸
204.0,12.0,237.0,12.0,237.0,231.0,204.0,231.0,吝蹺𡶀假𠫾妄
206.0,277.0,240.0,277.0,240.0,571.0,206.0,571.0,𡳳墻羕固裊通買摷
166.0,15.0,202.0,15.0,202.0,228.0,166.0,228.0,趂昂𨷑󰘚洞桃
171.0,276.0,203.0,276.0,203.0,572.0,171.0,572.0,枝𫡮𬂙𤑟𰦫𠓨天台
133.0,15.0,164.0,15.0,164.0,230.0,133.0,230.0,󰘚認󰘚強添鮮
135.0,276.0,167.0,276.0,167.0,570.0,135.0,570.0,边𠳒萬福边𡗶寒喧
94.0,14.0,129.0,14.0,129.0,231.0,94.0,231.0,聘󰒺𧗱准書軒
97.0,277.0,130.0,277.0,130.0,572.0,97.0,572.0,吟𠳒風月𥘀願𡽫滝
57.0,14.0,90.0,14.0,90.0,230.0,57.0,230.0,𨕭案笔架待筒
60.0,279.0,93.0,279.0,93.0,570.0,60.0,570.0,湥情𠬠幅幀松撩蓮
18.0,18.0,53.0,18.0,53.0,230.0,18.0,230.0,󰘩霜特𨤔天然
24.0,283.0,57.0,283.0,57.0,572.0,24.0,572.0,󰣝𠸦湿笔強𥚆強鮮