348.0,13.0,380.0,13.0,380.0,226.0,348.0,226.0,𠦳尋如䏾松筠
348.0,280.0,377.0,280.0,377.0,569.0,348.0,569.0,雪霜𩂏𨔾朱身葛藤
311.0,13.0,342.0,13.0,342.0,224.0,311.0,224.0,𣴓𠳒客買䜹浪
312.0,283.0,341.0,283.0,341.0,565.0,312.0,565.0,𢯜蹎催拱赤绳冉𢭂
274.0,13.0,305.0,13.0,305.0,227.0,274.0,227.0,枚𢖖油旦世芇
275.0,280.0,306.0,280.0,306.0,565.0,275.0,565.0,箕𦎛日月怒刀鬼神
239.0,12.0,272.0,12.0,272.0,228.0,239.0,228.0,同同𫗄𠽖𫡮秦
238.0,281.0,270.0,281.0,270.0,567.0,238.0,567.0,𠬠車𥪝𡎝紅塵如𠖤
201.0,11.0,235.0,11.0,235.0,227.0,201.0,227.0,𬂙爲拔淚分𢬣
204.0,280.0,232.0,280.0,232.0,564.0,204.0,564.0,谷𡗶審審𣈜𣈜󰠐󰠐
167.0,11.0,197.0,11.0,197.0,227.0,167.0,227.0,娘時𡎝客車侵
167.0,279.0,199.0,279.0,199.0,563.0,167.0,563.0,泊抛梂這顛滛岸𫡮
133.0,10.0,161.0,10.0,161.0,223.0,133.0,223.0,葦𦰤察察唏埋
131.0,277.0,160.0,277.0,160.0,566.0,131.0,566.0,𠬠𡗶秩底貞差𠬠㝵
94.0,10.0,126.0,10.0,126.0,227.0,94.0,227.0,埮𣅘雪淨𩂟𣾺
93.0,281.0,124.0,281.0,124.0,567.0,93.0,567.0,体𦝄麻𢢆仍𠳒𡽫滝
54.0,10.0,90.0,10.0,90.0,225.0,54.0,225.0,楼秋層碧癋紅
53.0,282.0,88.0,282.0,88.0,566.0,53.0,566.0,𦖑𫚳如弋𬌓𢚸辰昏
18.0,12.0,48.0,12.0,48.0,225.0,18.0,225.0,仍󰑼𨔍渃𨔍𡽫
19.0,284.0,48.0,284.0,48.0,565.0,19.0,565.0,臨淄皮𠬠𣎃𧷺旦尼