329.0,9.0,362.0,9.0,362.0,218.0,329.0,218.0,皮旬月郎𦎛冲
332.0,270.0,364.0,270.0,364.0,553.0,332.0,553.0,秀󰜏聘吏從容吲𠻀
295.0,11.0,327.0,11.0,327.0,219.0,295.0,219.0,芸󱉁拱𡗋功夫
298.0,272.0,328.0,272.0,328.0,552.0,298.0,552.0,昆㝵些沛別朱覩調
257.0,11.0,290.0,11.0,290.0,217.0,257.0,217.0,娘浪湄𫗄㕸韶
260.0,270.0,292.0,270.0,292.0,551.0,260.0,551.0,料身時拱沛料世催
222.0,12.0,253.0,12.0,253.0,217.0,222.0,217.0,媒浪埃拱如埃
224.0,272.0,256.0,272.0,256.0,550.0,224.0,550.0,㝵些埃固钱𢙇旦低
190.0,8.0,218.0,8.0,218.0,215.0,190.0,215.0,扵冲群𡗋調咍
187.0,271.0,220.0,271.0,220.0,552.0,187.0,552.0,挼店怯𨷑挼𣈜𥢆終
152.0,11.0,184.0,11.0,184.0,216.0,152.0,216.0,尼昆属𥙩爫𢚸
152.0,269.0,183.0,269.0,183.0,551.0,152.0,551.0,鑅外𬙞𡦂鑅冲糁芸
117.0,11.0,150.0,11.0,150.0,217.0,117.0,217.0,󱉁朱柳󰇏花吱
118.0,272.0,148.0,272.0,148.0,547.0,118.0,547.0,朱𡑝六𥒥朱迷敏𠁀
83.0,11.0,114.0,11.0,114.0,216.0,83.0,216.0,欺𦖑杳欺湿㝵
82.0,270.0,113.0,270.0,113.0,549.0,82.0,549.0,欺吟𬢱月欺唭𠹳花
48.0,12.0,78.0,12.0,78.0,220.0,48.0,220.0,調󰑼芸業冲茹
45.0,272.0,78.0,272.0,78.0,545.0,45.0,545.0,覩銀意湿買󰑼㝵𤐝
7.0,10.0,43.0,10.0,43.0,215.0,7.0,215.0,哙頭𠳐代󰋇𠳒
7.0,271.0,40.0,271.0,40.0,545.0,7.0,545.0,羕珠󰞺月羕派朝紅